GALILEO-PFM
1 37846U 11060A   20212.94606353 -.00000068 +00000-0 +00000-0 0  9994
2 37846 056.6566 040.0874 0002571 033.9631 326.1028 01.70475417054510
GALILEO-FM2
1 37847U 11060B   20210.52503163 -.00000064  00000-0  00000+0 0  9997
2 37847  56.6557  40.1532 0002606 344.6674  15.6520  1.70475450 54605
GALILEO-FM3
1 38857U 12055A   20211.22815657 +.00000011 +00000-0 +00000-0 0  9998
2 38857 054.9861 160.6321 0004304 273.8696 086.0421 01.70473707048523
GALILEO-FM4
1 38858U 12055B   20212.33568894 -.00000001 +00000-0 +00000-0 0  9990
2 38858 054.9871 160.6010 0003197 283.0748 076.8442 01.70473702048547
GALILEO 5 (261)
1 40128U 14050A   20212.52123319 -.00000120  00000-0  00000+0 0  9991
2 40128  50.5651 359.6547 1662779 100.7846 278.3309  1.85518893 40411
GALILEO 6 (262)
1 40129U 14050B   20211.16778742 -.00000114 +00000-0 +00000-0 0  9991
2 40129 050.6019 358.7467 1660742 101.5584 277.5145 01.85519547040616
GALILEO 7 (263)
1 40544U 15017A   20212.14046671 -.00000067  00000-0  00000+0 0  9990
2 40544  56.4493  40.2376 0001855 224.0038 136.0311  1.70474713 33241
GALILEO 8 (264)
1 40545U 15017B   20211.33500316 -.00000066  00000-0  00000+0 0  9991
2 40545  56.4549  40.2755 0002301 149.6783 210.3845  1.70475060 33234
GALILEO 9 (205)
1 40889U 15045A   20210.99094803 -.00000014 +00000-0 +00000-0 0  9997
2 40889 056.1185 280.9587 0002377 349.5295 010.5345 01.70475422030375
GALILEO 10 (206)
1 40890U 15045B   20211.21051425 -.00000013 +00000-0 +00000-0 0  9997
2 40890 056.1177 280.9491 0001439 299.5247 060.5304 01.70475435030409
GALILEO 12 (269)
1 41174U 15079A   20209.62336139  .00000027  00000-0  00000+0 0  9993
2 41174  55.0009 160.3743 0005603 309.7046  50.2132  1.70472885 28695
GALILEO 11 (268)
1 41175U 15079B   20212.77601228 -.00000006 +00000-0 +00000-0 0  9997
2 41175 055.0009 160.2871 0004679 311.2325 048.6796 01.70472976028752
GALILEO 14 (26B)
1 41549U 16030A   20211.72486098 -.00000011 +00000-0 +00000-0 0  9996
2 41549 056.2602 280.7955 0003446 285.6096 074.4235 01.70475150026042
GALILEO 13 (26A)
1 41550U 16030B   20211.43118743 -.00000012  00000-0  00000+0 0  9995
2 41550  56.2598 280.8055 0003853 255.4063 104.6212  1.70475231 26019
GALILEO 15 (267)
1 41859U 16069A   20212.26256345 -.00000001 +00000-0 +00000-0 0  9991
2 41859 054.6585 160.6537 0005359 299.3465 060.5549 01.70472895022949
GALILEO 16 (26C)
1 41860U 16069B   20212.70258803 -.00000005 +00000-0 +00000-0 0  9997
2 41860 054.6562 160.6405 0004412 317.9296 041.9891 01.70472805023044
GALILEO 17 (26D)
1 41861U 16069C   20211.89524634  .00000003  00000-0  00000+0 0  9991
2 41861  54.6589 160.6668 0004527 281.3032  78.6030  1.70473024 23039
GALILEO 18 (26E)
1 41862U 16069D   20212.04225644 +.00000002 +00000-0 +00000-0 0  9999
2 41862 054.6577 160.6581 0003757 287.8418 072.0734 01.70472841023028
GALILEO 19 (2C5)
1 43055U 17079A   20212.53238777 -.00000009 +00000-0 +00000-0 0  9990
2 43055 056.2341 280.6166 0003426 247.5310 112.5073 01.70474321016371
GALILEO 20 (2C6)
1 43056U 17079B   20212.23852919 -.00000010  00000-0  00000+0 0  9999
2 43056  56.2353 280.6244 0005140 257.1544 102.8615  1.70474441 16358
GALILEO 21 (2C7)
1 43057U 17079C   20210.69882606 -.00000014 +00000-0 +00000-0 0  9999
2 43057 056.2339 280.6672 0004403 265.7894 094.2292 01.70474439016343
GALILEO 22 (2C8)
1 43058U 17079D   20211.50540822 -.00000012  00000-0  00000+0 0  9999
2 43058  56.2335 280.6424 0005619 254.9897 105.0187  1.70474390 16359
GALILEO 25 (2C1)
1 43564U 18060A   20212.57835589 -.00000067 +00000-0 +00000-0 0  9998
2 43564 056.8377 039.8640 0002192 266.6013 093.4228 01.70475739012552
GALILEO 26 (2C2)
1 43565U 18060B   20212.79820847 -.00000067 +00000-0 +00000-0 0  9994
2 43565 056.8392 039.8574 0001889 284.2613 075.7668 01.70475744012603
GALILEO 23 (2C9)
1 43566U 18060C   20211.25875048 -.00000065  00000-0  00000+0 0  9995
2 43566  56.8390  39.9010 0001579 273.1467  86.8842  1.70475601 12551
GALILEO 24 (2C0)
1 43567U 18060D   20211.47863286 -.00000065  00000-0  00000+0 0  9991
2 43567  56.8386  39.8953 0001636 274.4168  85.6136  1.70475438 12537
