regi,gpi,lat[deg],lon[deg]
1,0,40.0000,65.0000
1,1,40.0000,66.3043
1,2,40.0000,67.6087
1,3,40.0000,68.9130
1,4,40.0000,70.2174
1,5,40.0000,71.5217
1,6,40.0000,72.8261
1,7,40.0000,74.1304
1,8,40.0000,75.4348
1,9,40.0000,76.7391
1,10,40.0000,78.0435
1,11,40.0000,79.3478
1,12,40.0000,80.6522
1,13,40.0000,81.9565
1,14,40.0000,83.2609
1,15,40.0000,84.5652
1,16,40.0000,85.8696
1,17,40.0000,87.1739
1,18,40.0000,88.4783
1,19,40.0000,89.7826
1,20,40.0000,91.0870
1,21,40.0000,92.3913
1,22,40.0000,93.6957
1,23,40.0000,95.0000
1,24,40.0000,96.3043
1,25,40.0000,97.6087
1,26,40.0000,98.9130
1,27,39.0000,65.0000
1,28,39.0000,66.2857
1,29,39.0000,67.5714
1,30,39.0000,68.8571
1,31,39.0000,70.1429
1,32,39.0000,71.4286
1,33,39.0000,72.7143
1,34,39.0000,74.0000
1,35,39.0000,75.2857
1,36,39.0000,76.5714
1,37,39.0000,77.8571
1,38,39.0000,79.1429
1,39,39.0000,80.4286
1,40,39.0000,81.7143
1,41,39.0000,83.0000
1,42,39.0000,84.2857
1,43,39.0000,85.5714
1,44,39.0000,86.8571
1,45,39.0000,88.1429
1,46,39.0000,89.4286
1,47,39.0000,90.7143
1,48,39.0000,92.0000
1,49,39.0000,93.2857
1,50,39.0000,94.5714
1,51,39.0000,95.8571
1,52,39.0000,97.1429
1,53,39.0000,98.4286
1,54,39.0000,99.7143
1,55,38.0000,65.0000
1,56,38.0000,66.2676
1,57,38.0000,67.5352
1,58,38.0000,68.8028
1,59,38.0000,70.0704
1,60,38.0000,71.3380
1,61,38.0000,72.6056
1,62,38.0000,73.8732
1,63,38.0000,75.1408
1,64,38.0000,76.4085
1,65,38.0000,77.6761
1,66,38.0000,78.9437
1,67,38.0000,80.2113
1,68,38.0000,81.4789
1,69,38.0000,82.7465
1,70,38.0000,84.0141
1,71,38.0000,85.2817
1,72,38.0000,86.5493
1,73,38.0000,87.8169
1,74,38.0000,89.0845
1,75,38.0000,90.3521
1,76,38.0000,91.6197
1,77,38.0000,92.8873
1,78,38.0000,94.1549
1,79,38.0000,95.4225
1,80,38.0000,96.6901
1,81,38.0000,97.9577
1,82,38.0000,99.2254
1,83,37.0000,65.0000
1,84,37.0000,66.2544
1,85,37.0000,67.5087
1,86,37.0000,68.7631
1,87,37.0000,70.0174
1,88,37.0000,71.2718
1,89,37.0000,72.5261
1,90,37.0000,73.7805
1,91,37.0000,75.0348
1,92,37.0000,76.2892
1,93,37.0000,77.5436
1,94,37.0000,78.7979
1,95,37.0000,80.0523
1,96,37.0000,81.3066
1,97,37.0000,82.5610
1,98,37.0000,83.8153
1,99,37.0000,85.0697
1,100,37.0000,86.3240
1,101,37.0000,87.5784
1,102,37.0000,88.8328
1,103,37.0000,90.0871
1,104,37.0000,91.3415
1,105,37.0000,92.5958
1,106,37.0000,93.8502
1,107,37.0000,95.1045
1,108,37.0000,96.3589
1,109,37.0000,97.6132
1,110,37.0000,98.8676
1,111,36.0000,65.0000
1,112,36.0000,66.2371
1,113,36.0000,67.4742
1,114,36.0000,68.7113
1,115,36.0000,69.9485
1,116,36.0000,71.1856
1,117,36.0000,72.4227
1,118,36.0000,73.6598
1,119,36.0000,74.8969
1,120,36.0000,76.1340
1,121,36.0000,77.3711
1,122,36.0000,78.6082
1,123,36.0000,79.8454
1,124,36.0000,81.0825
1,125,36.0000,82.3196
1,126,36.0000,83.5567
1,127,36.0000,84.7938
1,128,36.0000,86.0309
1,129,36.0000,87.2680
1,130,36.0000,88.5052
1,131,36.0000,89.7423
1,132,36.0000,90.9794
1,133,36.0000,92.2165
1,134,36.0000,93.4536
1,135,36.0000,94.6907
1,136,36.0000,95.9278
1,137,36.0000,97.1649
1,138,36.0000,98.4021
1,139,36.0000,99.6392
1,140,35.0000,65.0000
1,141,35.0000,66.2203
1,142,35.0000,67.4407
1,143,35.0000,68.6610
1,144,35.0000,69.8814
1,145,35.0000,71.1017
1,146,35.0000,72.3220
1,147,35.0000,73.5424
1,148,35.0000,74.7627
1,149,35.0000,75.9831
1,150,35.0000,77.2034
1,151,35.0000,78.4237
1,152,35.0000,79.6441
1,153,35.0000,80.8644
1,154,35.0000,82.0847
1,155,35.0000,83.3051
1,156,35.0000,84.5254
1,157,35.0000,85.7458
1,158,35.0000,86.9661
1,159,35.0000,88.1864
1,160,35.0000,89.4068
1,161,35.0000,90.6271
1,162,35.0000,91.8475
1,163,35.0000,93.0678
1,164,35.0000,94.2881
1,165,35.0000,95.5085
1,166,35.0000,96.7288
1,167,35.0000,97.9492
1,168,35.0000,99.1695
1,169,34.0000,65.0000
1,170,34.0000,66.2081
1,171,34.0000,67.4161
1,172,34.0000,68.6242
1,173,34.0000,69.8322
1,174,34.0000,71.0403
1,175,34.0000,72.2483
1,176,34.0000,73.4564
1,177,34.0000,74.6644
1,178,34.0000,75.8725
1,179,34.0000,77.0805
1,180,34.0000,78.2886
1,181,34.0000,79.4966
1,182,34.0000,80.7047
1,183,34.0000,81.9128
1,184,34.0000,83.1208
1,185,34.0000,84.3289
1,186,34.0000,85.5369
1,187,34.0000,86.7450
1,188,34.0000,87.9530
1,189,34.0000,89.1611
1,190,34.0000,90.3691
1,191,34.0000,91.5772
1,192,34.0000,92.7852
1,193,34.0000,93.9933
1,194,34.0000,95.2013
1,195,34.0000,96.4094
1,196,34.0000,97.6174
1,197,34.0000,98.8255
1,198,33.0000,65.0000
1,199,33.0000,66.1921
1,200,33.0000,67.3841
1,201,33.0000,68.5762
1,202,33.0000,69.7682
1,203,33.0000,70.9603
1,204,33.0000,72.1523
1,205,33.0000,73.3444
1,206,33.0000,74.5364
1,207,33.0000,75.7285
1,208,33.0000,76.9205
1,209,33.0000,78.1126
1,210,33.0000,79.3046
1,211,33.0000,80.4967
1,212,33.0000,81.6887
1,213,33.0000,82.8808
1,214,33.0000,84.0728
1,215,33.0000,85.2649
1,216,33.0000,86.4570
1,217,33.0000,87.6490
1,218,33.0000,88.8411
1,219,33.0000,90.0331
1,220,33.0000,91.2252
1,221,33.0000,92.4172
1,222,33.0000,93.6093
1,223,33.0000,94.8013
1,224,33.0000,95.9934
1,225,33.0000,97.1854
1,226,33.0000,98.3775
1,227,33.0000,99.5695
1,228,32.0000,65.0000
1,229,32.0000,66.1803
1,230,32.0000,67.3607
1,231,32.0000,68.5410
1,232,32.0000,69.7213
1,233,32.0000,70.9016
1,234,32.0000,72.0820
1,235,32.0000,73.2623
1,236,32.0000,74.4426
1,237,32.0000,75.6230
1,238,32.0000,76.8033
1,239,32.0000,77.9836
1,240,32.0000,79.1639
1,241,32.0000,80.3443
1,242,32.0000,81.5246
1,243,32.0000,82.7049
1,244,32.0000,83.8852
1,245,32.0000,85.0656
1,246,32.0000,86.2459
1,247,32.0000,87.4262
1,248,32.0000,88.6066
1,249,32.0000,89.7869
1,250,32.0000,90.9672
1,251,32.0000,92.1475
1,252,32.0000,93.3279
1,253,32.0000,94.5082
1,254,32.0000,95.6885
1,255,32.0000,96.8689
1,256,32.0000,98.0492
1,257,32.0000,99.2295
1,258,31.0000,65.0000
1,259,31.0000,66.1650
1,260,31.0000,67.3301
1,261,31.0000,68.4951
1,262,31.0000,69.6602
1,263,31.0000,70.8252
1,264,31.0000,71.9903
1,265,31.0000,73.1553
1,266,31.0000,74.3204
1,267,31.0000,75.4854
1,268,31.0000,76.6505
1,269,31.0000,77.8155
1,270,31.0000,78.9806
1,271,31.0000,80.1456
1,272,31.0000,81.3107
1,273,31.0000,82.4757
1,274,31.0000,83.6408
1,275,31.0000,84.8058
1,276,31.0000,85.9709
1,277,31.0000,87.1359
1,278,31.0000,88.3010
1,279,31.0000,89.4660
1,280,31.0000,90.6311
1,281,31.0000,91.7961
1,282,31.0000,92.9612
1,283,31.0000,94.1262
1,284,31.0000,95.2913
1,285,31.0000,96.4563
1,286,31.0000,97.6214
1,287,31.0000,98.7864
1,288,31.0000,99.9515
1,289,30.0000,65.0000
1,290,30.0000,66.1538
1,291,30.0000,67.3077
1,292,30.0000,68.4615
1,293,30.0000,69.6154
1,294,30.0000,70.7692
1,295,30.0000,71.9231
1,296,30.0000,73.0769
1,297,30.0000,74.2308
1,298,30.0000,75.3846
1,299,30.0000,76.5385
1,300,30.0000,77.6923
1,301,30.0000,78.8462
1,302,30.0000,80.0000
1,303,30.0000,81.1538
1,304,30.0000,82.3077
1,305,30.0000,83.4615
1,306,30.0000,84.6154
1,307,30.0000,85.7692
1,308,30.0000,86.9231
1,309,30.0000,88.0769
1,310,30.0000,89.2308
1,311,30.0000,90.3846
1,312,30.0000,91.5385
1,313,30.0000,92.6923
1,314,30.0000,93.8462
1,315,30.0000,95.0000
1,316,30.0000,96.1538
1,317,30.0000,97.3077
1,318,30.0000,98.4615
1,319,30.0000,99.6154
1,320,29.0000,65.0000
1,321,29.0000,66.1429
1,322,29.0000,67.2857
1,323,29.0000,68.4286
1,324,29.0000,69.5714
1,325,29.0000,70.7143
1,326,29.0000,71.8571
1,327,29.0000,73.0000
1,328,29.0000,74.1429
1,329,29.0000,75.2857
1,330,29.0000,76.4286
1,331,29.0000,77.5714
1,332,29.0000,78.7143
1,333,29.0000,79.8571
1,334,29.0000,81.0000
1,335,29.0000,82.1429
1,336,29.0000,83.2857
1,337,29.0000,84.4286
1,338,29.0000,85.5714
1,339,29.0000,86.7143
1,340,29.0000,87.8571
1,341,29.0000,89.0000
1,342,29.0000,90.1429
1,343,29.0000,91.2857
1,344,29.0000,92.4286
1,345,29.0000,93.5714
1,346,29.0000,94.7143
1,347,29.0000,95.8571
1,348,29.0000,97.0000
1,349,29.0000,98.1429
1,350,29.0000,99.2857
1,351,28.0000,65.0000
1,352,28.0000,66.1321
1,353,28.0000,67.2642
1,354,28.0000,68.3962
1,355,28.0000,69.5283
1,356,28.0000,70.6604
1,357,28.0000,71.7925
1,358,28.0000,72.9245
1,359,28.0000,74.0566
1,360,28.0000,75.1887
1,361,28.0000,76.3208
1,362,28.0000,77.4528
1,363,28.0000,78.5849
1,364,28.0000,79.7170
1,365,28.0000,80.8491
1,366,28.0000,81.9811
1,367,28.0000,83.1132
1,368,28.0000,84.2453
1,369,28.0000,85.3774
1,370,28.0000,86.5094
1,371,28.0000,87.6415
1,372,28.0000,88.7736
1,373,28.0000,89.9057
1,374,28.0000,91.0377
1,375,28.0000,92.1698
1,376,28.0000,93.3019
1,377,28.0000,94.4340
1,378,28.0000,95.5660
1,379,28.0000,96.6981
1,380,28.0000,97.8302
1,381,28.0000,98.9623
1,382,27.0000,65.0000
1,383,27.0000,66.1215
1,384,27.0000,67.2430
1,385,27.0000,68.3645
1,386,27.0000,69.4860
1,387,27.0000,70.6075
1,388,27.0000,71.7290
1,389,27.0000,72.8505
1,390,27.0000,73.9720
1,391,27.0000,75.0935
1,392,27.0000,76.2150
1,393,27.0000,77.3364
1,394,27.0000,78.4579
1,395,27.0000,79.5794
1,396,27.0000,80.7009
1,397,27.0000,81.8224
1,398,27.0000,82.9439
1,399,27.0000,84.0654
1,400,27.0000,85.1869
1,401,27.0000,86.3084
1,402,27.0000,87.4299
1,403,27.0000,88.5514
1,404,27.0000,89.6729
1,405,27.0000,90.7944
1,406,27.0000,91.9159
1,407,27.0000,93.0374
1,408,27.0000,94.1589
1,409,27.0000,95.2804
1,410,27.0000,96.4019
1,411,27.0000,97.5234
1,412,27.0000,98.6449
1,413,27.0000,99.7664
1,414,26.0000,65.0000
1,415,26.0000,66.1146
1,416,26.0000,67.2291
1,417,26.0000,68.3437
1,418,26.0000,69.4582
1,419,26.0000,70.5728
1,420,26.0000,71.6873
1,421,26.0000,72.8019
1,422,26.0000,73.9164
1,423,26.0000,75.0310
1,424,26.0000,76.1455
1,425,26.0000,77.2601
1,426,26.0000,78.3746
1,427,26.0000,79.4892
1,428,26.0000,80.6037
1,429,26.0000,81.7183
1,430,26.0000,82.8328
1,431,26.0000,83.9474
1,432,26.0000,85.0619
1,433,26.0000,86.1765
1,434,26.0000,87.2910
1,435,26.0000,88.4056
1,436,26.0000,89.5201
1,437,26.0000,90.6347
1,438,26.0000,91.7492
1,439,26.0000,92.8638
1,440,26.0000,93.9783
1,441,26.0000,95.0929
1,442,26.0000,96.2074
1,443,26.0000,97.3220
1,444,26.0000,98.4365
1,445,26.0000,99.5511
1,446,25.0000,65.0000
1,447,25.0000,66.1043
1,448,25.0000,67.2086
1,449,25.0000,68.3129
1,450,25.0000,69.4172
1,451,25.0000,70.5215
1,452,25.0000,71.6258
1,453,25.0000,72.7301
1,454,25.0000,73.8344
1,455,25.0000,74.9387
1,456,25.0000,76.0429
1,457,25.0000,77.1472
1,458,25.0000,78.2515
1,459,25.0000,79.3558
1,460,25.0000,80.4601
1,461,25.0000,81.5644
1,462,25.0000,82.6687
1,463,25.0000,83.7730
1,464,25.0000,84.8773
1,465,25.0000,85.9816
1,466,25.0000,87.0859
1,467,25.0000,88.1902
1,468,25.0000,89.2945
1,469,25.0000,90.3988
1,470,25.0000,91.5031
1,471,25.0000,92.6074
1,472,25.0000,93.7117
1,473,25.0000,94.8160
1,474,25.0000,95.9202
1,475,25.0000,97.0245
1,476,25.0000,98.1288
1,477,25.0000,99.2331
1,478,24.0000,65.0000
1,479,24.0000,66.0942
1,480,24.0000,67.1884
1,481,24.0000,68.2827
1,482,24.0000,69.3769
1,483,24.0000,70.4711
1,484,24.0000,71.5653
1,485,24.0000,72.6596
1,486,24.0000,73.7538
1,487,24.0000,74.8480
1,488,24.0000,75.9422
1,489,24.0000,77.0365
1,490,24.0000,78.1307
1,491,24.0000,79.2249
1,492,24.0000,80.3191
1,493,24.0000,81.4134
1,494,24.0000,82.5076
1,495,24.0000,83.6018
1,496,24.0000,84.6960
1,497,24.0000,85.7903
1,498,24.0000,86.8845
1,499,24.0000,87.9787
1,500,24.0000,89.0729
1,501,24.0000,90.1672
1,502,24.0000,91.2614
1,503,24.0000,92.3556
1,504,24.0000,93.4498
1,505,24.0000,94.5441
1,506,24.0000,95.6383
1,507,24.0000,96.7325
1,508,24.0000,97.8267
1,509,24.0000,98.9210
1,510,23.0000,65.0000
1,511,23.0000,66.0876
1,512,23.0000,67.1752
1,513,23.0000,68.2628
1,514,23.0000,69.3505
1,515,23.0000,70.4381
1,516,23.0000,71.5257
1,517,23.0000,72.6133
1,518,23.0000,73.7009
1,519,23.0000,74.7885
1,520,23.0000,75.8761
1,521,23.0000,76.9637
1,522,23.0000,78.0514
1,523,23.0000,79.1390
1,524,23.0000,80.2266
1,525,23.0000,81.3142
1,526,23.0000,82.4018
1,527,23.0000,83.4894
1,528,23.0000,84.5770
1,529,23.0000,85.6647
1,530,23.0000,86.7523
1,531,23.0000,87.8399
1,532,23.0000,88.9275
1,533,23.0000,90.0151
1,534,23.0000,91.1027
1,535,23.0000,92.1903
1,536,23.0000,93.2779
1,537,23.0000,94.3656
1,538,23.0000,95.4532
1,539,23.0000,96.5408
1,540,23.0000,97.6284
1,541,23.0000,98.7160
1,542,23.0000,99.8036
1,543,22.0000,65.0000
1,544,22.0000,66.0778
1,545,22.0000,67.1557
1,546,22.0000,68.2335
1,547,22.0000,69.3114
1,548,22.0000,70.3892
1,549,22.0000,71.4671
1,550,22.0000,72.5449
1,551,22.0000,73.6228
1,552,22.0000,74.7006
1,553,22.0000,75.7784
1,554,22.0000,76.8563
1,555,22.0000,77.9341
1,556,22.0000,79.0120
1,557,22.0000,80.0898
1,558,22.0000,81.1677
1,559,22.0000,82.2455
1,560,22.0000,83.3234
1,561,22.0000,84.4012
1,562,22.0000,85.4790
1,563,22.0000,86.5569
1,564,22.0000,87.6347
1,565,22.0000,88.7126
1,566,22.0000,89.7904
1,567,22.0000,90.8683
1,568,22.0000,91.9461
1,569,22.0000,93.0240
1,570,22.0000,94.1018
1,571,22.0000,95.1796
1,572,22.0000,96.2575
1,573,22.0000,97.3353
1,574,22.0000,98.4132
1,575,22.0000,99.4910
1,576,21.0000,65.0000
1,577,21.0000,66.0714
1,578,21.0000,67.1429
1,579,21.0000,68.2143
1,580,21.0000,69.2857
1,581,21.0000,70.3571
1,582,21.0000,71.4286
1,583,21.0000,72.5000
1,584,21.0000,73.5714
1,585,21.0000,74.6429
1,586,21.0000,75.7143
1,587,21.0000,76.7857
1,588,21.0000,77.8571
1,589,21.0000,78.9286
1,590,21.0000,80.0000
1,591,21.0000,81.0714
1,592,21.0000,82.1429
1,593,21.0000,83.2143
1,594,21.0000,84.2857
1,595,21.0000,85.3571
1,596,21.0000,86.4286
1,597,21.0000,87.5000
1,598,21.0000,88.5714
1,599,21.0000,89.6429
1,600,21.0000,90.7143
1,601,21.0000,91.7857
1,602,21.0000,92.8571
1,603,21.0000,93.9286
1,604,21.0000,95.0000
1,605,21.0000,96.0714
1,606,21.0000,97.1429
1,607,21.0000,98.2143
1,608,21.0000,99.2857
1,609,20.0000,65.0000
1,610,20.0000,66.0651
1,611,20.0000,67.1302
1,612,20.0000,68.1953
1,613,20.0000,69.2604
1,614,20.0000,70.3254
1,615,20.0000,71.3905
1,616,20.0000,72.4556
1,617,20.0000,73.5207
1,618,20.0000,74.5858
1,619,20.0000,75.6509
1,620,20.0000,76.7160
1,621,20.0000,77.7811
1,622,20.0000,78.8462
1,623,20.0000,79.9112
1,624,20.0000,80.9763
1,625,20.0000,82.0414
1,626,20.0000,83.1065
1,627,20.0000,84.1716
1,628,20.0000,85.2367
1,629,20.0000,86.3018
1,630,20.0000,87.3669
1,631,20.0000,88.4320
1,632,20.0000,89.4970
1,633,20.0000,90.5621
1,634,20.0000,91.6272
1,635,20.0000,92.6923
1,636,20.0000,93.7574
1,637,20.0000,94.8225
1,638,20.0000,95.8876
1,639,20.0000,96.9527
1,640,20.0000,98.0178
1,641,20.0000,99.0828
1,642,19.0000,65.0000
1,643,19.0000,66.0588
1,644,19.0000,67.1176
1,645,19.0000,68.1765
1,646,19.0000,69.2353
1,647,19.0000,70.2941
1,648,19.0000,71.3529
1,649,19.0000,72.4118
1,650,19.0000,73.4706
1,651,19.0000,74.5294
1,652,19.0000,75.5882
1,653,19.0000,76.6471
1,654,19.0000,77.7059
1,655,19.0000,78.7647
1,656,19.0000,79.8235
1,657,19.0000,80.8824
1,658,19.0000,81.9412
1,659,19.0000,83.0000
1,660,19.0000,84.0588
1,661,19.0000,85.1176
1,662,19.0000,86.1765
1,663,19.0000,87.2353
1,664,19.0000,88.2941
1,665,19.0000,89.3529
1,666,19.0000,90.4118
1,667,19.0000,91.4706
1,668,19.0000,92.5294
1,669,19.0000,93.5882
1,670,19.0000,94.6471
1,671,19.0000,95.7059
1,672,19.0000,96.7647
1,673,19.0000,97.8235
1,674,19.0000,98.8824
1,675,19.0000,99.9412
1,676,18.0000,65.0000
1,677,18.0000,66.0526
1,678,18.0000,67.1053
1,679,18.0000,68.1579
1,680,18.0000,69.2105
1,681,18.0000,70.2632
1,682,18.0000,71.3158
1,683,18.0000,72.3684
1,684,18.0000,73.4211
1,685,18.0000,74.4737
1,686,18.0000,75.5263
1,687,18.0000,76.5789
1,688,18.0000,77.6316
1,689,18.0000,78.6842
1,690,18.0000,79.7368
1,691,18.0000,80.7895
1,692,18.0000,81.8421
1,693,18.0000,82.8947
1,694,18.0000,83.9474
1,695,18.0000,85.0000
1,696,18.0000,86.0526
1,697,18.0000,87.1053
1,698,18.0000,88.1579
1,699,18.0000,89.2105
1,700,18.0000,90.2632
1,701,18.0000,91.3158
1,702,18.0000,92.3684
1,703,18.0000,93.4211
1,704,18.0000,94.4737
1,705,18.0000,95.5263
1,706,18.0000,96.5789
1,707,18.0000,97.6316
1,708,18.0000,98.6842
1,709,18.0000,99.7368
1,710,17.0000,65.0000
1,711,17.0000,66.0465
1,712,17.0000,67.0930
1,713,17.0000,68.1395
1,714,17.0000,69.1860
1,715,17.0000,70.2326
1,716,17.0000,71.2791
1,717,17.0000,72.3256
1,718,17.0000,73.3721
1,719,17.0000,74.4186
1,720,17.0000,75.4651
1,721,17.0000,76.5116
1,722,17.0000,77.5581
1,723,17.0000,78.6047
1,724,17.0000,79.6512
1,725,17.0000,80.6977
1,726,17.0000,81.7442
1,727,17.0000,82.7907
1,728,17.0000,83.8372
1,729,17.0000,84.8837
1,730,17.0000,85.9302
1,731,17.0000,86.9767
1,732,17.0000,88.0233
1,733,17.0000,89.0698
1,734,17.0000,90.1163
1,735,17.0000,91.1628
1,736,17.0000,92.2093
1,737,17.0000,93.2558
1,738,17.0000,94.3023
1,739,17.0000,95.3488
1,740,17.0000,96.3953
1,741,17.0000,97.4419
1,742,17.0000,98.4884
1,743,17.0000,99.5349
1,744,16.0000,65.0000
1,745,16.0000,66.0405
1,746,16.0000,67.0809
1,747,16.0000,68.1214
1,748,16.0000,69.1618
1,749,16.0000,70.2023
1,750,16.0000,71.2428
1,751,16.0000,72.2832
1,752,16.0000,73.3237
1,753,16.0000,74.3642
1,754,16.0000,75.4046
1,755,16.0000,76.4451
1,756,16.0000,77.4855
1,757,16.0000,78.5260
1,758,16.0000,79.5665
1,759,16.0000,80.6069
1,760,16.0000,81.6474
1,761,16.0000,82.6879
1,762,16.0000,83.7283
1,763,16.0000,84.7688
1,764,16.0000,85.8092
1,765,16.0000,86.8497
1,766,16.0000,87.8902
1,767,16.0000,88.9306
1,768,16.0000,89.9711
1,769,16.0000,91.0116
1,770,16.0000,92.0520
1,771,16.0000,93.0925
1,772,16.0000,94.1329
1,773,16.0000,95.1734
1,774,16.0000,96.2139
1,775,16.0000,97.2543
1,776,16.0000,98.2948
1,777,16.0000,99.3353
1,778,15.0000,65.0000
1,779,15.0000,66.0345
1,780,15.0000,67.0690
1,781,15.0000,68.1034
1,782,15.0000,69.1379
1,783,15.0000,70.1724
1,784,15.0000,71.2069
1,785,15.0000,72.2414
1,786,15.0000,73.2759
1,787,15.0000,74.3103
1,788,15.0000,75.3448
1,789,15.0000,76.3793
1,790,15.0000,77.4138
1,791,15.0000,78.4483
1,792,15.0000,79.4828
1,793,15.0000,80.5172
1,794,15.0000,81.5517
1,795,15.0000,82.5862
1,796,15.0000,83.6207
1,797,15.0000,84.6552
1,798,15.0000,85.6897
1,799,15.0000,86.7241
1,800,15.0000,87.7586
1,801,15.0000,88.7931
1,802,15.0000,89.8276
1,803,15.0000,90.8621
1,804,15.0000,91.8966
1,805,15.0000,92.9310
1,806,15.0000,93.9655
1,807,15.0000,95.0000
1,808,15.0000,96.0345
1,809,15.0000,97.0690
1,810,15.0000,98.1034
1,811,15.0000,99.1379
1,812,14.0000,65.0000
1,813,14.0000,66.0315
1,814,14.0000,67.0630
1,815,14.0000,68.0946
1,816,14.0000,69.1261
1,817,14.0000,70.1576
1,818,14.0000,71.1891
1,819,14.0000,72.2206
1,820,14.0000,73.2521
1,821,14.0000,74.2837
1,822,14.0000,75.3152
1,823,14.0000,76.3467
1,824,14.0000,77.3782
1,825,14.0000,78.4097
1,826,14.0000,79.4413
1,827,14.0000,80.4728
1,828,14.0000,81.5043
1,829,14.0000,82.5358
1,830,14.0000,83.5673
1,831,14.0000,84.5989
1,832,14.0000,85.6304
1,833,14.0000,86.6619
1,834,14.0000,87.6934
1,835,14.0000,88.7249
1,836,14.0000,89.7564
1,837,14.0000,90.7880
1,838,14.0000,91.8195
1,839,14.0000,92.8510
1,840,14.0000,93.8825
1,841,14.0000,94.9140
1,842,14.0000,95.9456
1,843,14.0000,96.9771
1,844,14.0000,98.0086
1,845,14.0000,99.0401
1,846,13.0000,65.0000
1,847,13.0000,66.0256
1,848,13.0000,67.0513
1,849,13.0000,68.0769
1,850,13.0000,69.1026
1,851,13.0000,70.1282
1,852,13.0000,71.1538
1,853,13.0000,72.1795
1,854,13.0000,73.2051
1,855,13.0000,74.2308
1,856,13.0000,75.2564
1,857,13.0000,76.2821
1,858,13.0000,77.3077
1,859,13.0000,78.3333
1,860,13.0000,79.3590
1,861,13.0000,80.3846
1,862,13.0000,81.4103
1,863,13.0000,82.4359
1,864,13.0000,83.4615
1,865,13.0000,84.4872
1,866,13.0000,85.5128
1,867,13.0000,86.5385
1,868,13.0000,87.5641
1,869,13.0000,88.5897
1,870,13.0000,89.6154
1,871,13.0000,90.6410
1,872,13.0000,91.6667
1,873,13.0000,92.6923
1,874,13.0000,93.7179
1,875,13.0000,94.7436
1,876,13.0000,95.7692
1,877,13.0000,96.7949
1,878,13.0000,97.8205
1,879,13.0000,98.8462
1,880,13.0000,99.8718
1,881,12.0000,65.0000
1,882,12.0000,66.0227
1,883,12.0000,67.0455
1,884,12.0000,68.0682
1,885,12.0000,69.0909
1,886,12.0000,70.1136
1,887,12.0000,71.1364
1,888,12.0000,72.1591
1,889,12.0000,73.1818
1,890,12.0000,74.2045
1,891,12.0000,75.2273
1,892,12.0000,76.2500
1,893,12.0000,77.2727
1,894,12.0000,78.2955
1,895,12.0000,79.3182
1,896,12.0000,80.3409
1,897,12.0000,81.3636
1,898,12.0000,82.3864
1,899,12.0000,83.4091
1,900,12.0000,84.4318
1,901,12.0000,85.4545
1,902,12.0000,86.4773
1,903,12.0000,87.5000
1,904,12.0000,88.5227
1,905,12.0000,89.5455
1,906,12.0000,90.5682
1,907,12.0000,91.5909
1,908,12.0000,92.6136
1,909,12.0000,93.6364
1,910,12.0000,94.6591
1,911,12.0000,95.6818
1,912,12.0000,96.7045
1,913,12.0000,97.7273
1,914,12.0000,98.7500
1,915,12.0000,99.7727
1,916,11.0000,65.0000
1,917,11.0000,66.0198
1,918,11.0000,67.0397
1,919,11.0000,68.0595
1,920,11.0000,69.0793
1,921,11.0000,70.0992
1,922,11.0000,71.1190
1,923,11.0000,72.1388
1,924,11.0000,73.1586
1,925,11.0000,74.1785
1,926,11.0000,75.1983
1,927,11.0000,76.2181
1,928,11.0000,77.2380
1,929,11.0000,78.2578
1,930,11.0000,79.2776
1,931,11.0000,80.2975
1,932,11.0000,81.3173
1,933,11.0000,82.3371
1,934,11.0000,83.3569
1,935,11.0000,84.3768
1,936,11.0000,85.3966
1,937,11.0000,86.4164
1,938,11.0000,87.4363
1,939,11.0000,88.4561
1,940,11.0000,89.4759
1,941,11.0000,90.4958
1,942,11.0000,91.5156
1,943,11.0000,92.5354
1,944,11.0000,93.5552
1,945,11.0000,94.5751
1,946,11.0000,95.5949
1,947,11.0000,96.6147
1,948,11.0000,97.6346
1,949,11.0000,98.6544
1,950,11.0000,99.6742
1,951,10.0000,65.0000
1,952,10.0000,66.0141
1,953,10.0000,67.0282
1,954,10.0000,68.0423
1,955,10.0000,69.0563
1,956,10.0000,70.0704
1,957,10.0000,71.0845
1,958,10.0000,72.0986
1,959,10.0000,73.1127
1,960,10.0000,74.1268
1,961,10.0000,75.1408
1,962,10.0000,76.1549
1,963,10.0000,77.1690
1,964,10.0000,78.1831
1,965,10.0000,79.1972
1,966,10.0000,80.2113
1,967,10.0000,81.2254
1,968,10.0000,82.2394
1,969,10.0000,83.2535
1,970,10.0000,84.2676
1,971,10.0000,85.2817
1,972,10.0000,86.2958
1,973,10.0000,87.3099
1,974,10.0000,88.3239
1,975,10.0000,89.3380
1,976,10.0000,90.3521
1,977,10.0000,91.3662
1,978,10.0000,92.3803
1,979,10.0000,93.3944
1,980,10.0000,94.4085
1,981,10.0000,95.4225
1,982,10.0000,96.4366
1,983,10.0000,97.4507
1,984,10.0000,98.4648
1,985,10.0000,99.4789
1,986,9.0000,65.0000
1,987,9.0000,66.0112
1,988,9.0000,67.0225
1,989,9.0000,68.0337
1,990,9.0000,69.0449
1,991,9.0000,70.0562
1,992,9.0000,71.0674
1,993,9.0000,72.0787
1,994,9.0000,73.0899
1,995,9.0000,74.1011
1,996,9.0000,75.1124
1,997,9.0000,76.1236
1,998,9.0000,77.1348
1,999,9.0000,78.1461
1,1000,9.0000,79.1573
1,1001,9.0000,80.1685
1,1002,9.0000,81.1798
1,1003,9.0000,82.1910
1,1004,9.0000,83.2022
1,1005,9.0000,84.2135
1,1006,9.0000,85.2247
1,1007,9.0000,86.2360
1,1008,9.0000,87.2472
1,1009,9.0000,88.2584
1,1010,9.0000,89.2697
1,1011,9.0000,90.2809
1,1012,9.0000,91.2921
1,1013,9.0000,92.3034
1,1014,9.0000,93.3146
1,1015,9.0000,94.3258
1,1016,9.0000,95.3371
1,1017,9.0000,96.3483
1,1018,9.0000,97.3596
1,1019,9.0000,98.3708
1,1020,9.0000,99.3820
1,1021,8.0000,65.0000
1,1022,8.0000,66.0112
1,1023,8.0000,67.0225
1,1024,8.0000,68.0337
1,1025,8.0000,69.0449
1,1026,8.0000,70.0562
1,1027,8.0000,71.0674
1,1028,8.0000,72.0787
1,1029,8.0000,73.0899
1,1030,8.0000,74.1011
1,1031,8.0000,75.1124
1,1032,8.0000,76.1236
1,1033,8.0000,77.1348
1,1034,8.0000,78.1461
1,1035,8.0000,79.1573
1,1036,8.0000,80.1685
1,1037,8.0000,81.1798
1,1038,8.0000,82.1910
1,1039,8.0000,83.2022
1,1040,8.0000,84.2135
1,1041,8.0000,85.2247
1,1042,8.0000,86.2360
1,1043,8.0000,87.2472
1,1044,8.0000,88.2584
1,1045,8.0000,89.2697
1,1046,8.0000,90.2809
1,1047,8.0000,91.2921
1,1048,8.0000,92.3034
1,1049,8.0000,93.3146
1,1050,8.0000,94.3258
1,1051,8.0000,95.3371
1,1052,8.0000,96.3483
1,1053,8.0000,97.3596
1,1054,8.0000,98.3708
1,1055,8.0000,99.3820
1,1056,7.0000,65.0000
1,1057,7.0000,66.0084
1,1058,7.0000,67.0168
1,1059,7.0000,68.0252
1,1060,7.0000,69.0336
1,1061,7.0000,70.0420
1,1062,7.0000,71.0504
1,1063,7.0000,72.0588
1,1064,7.0000,73.0672
1,1065,7.0000,74.0756
1,1066,7.0000,75.0840
1,1067,7.0000,76.0924
1,1068,7.0000,77.1008
1,1069,7.0000,78.1092
1,1070,7.0000,79.1176
1,1071,7.0000,80.1261
1,1072,7.0000,81.1345
1,1073,7.0000,82.1429
1,1074,7.0000,83.1513
1,1075,7.0000,84.1597
1,1076,7.0000,85.1681
1,1077,7.0000,86.1765
1,1078,7.0000,87.1849
1,1079,7.0000,88.1933
1,1080,7.0000,89.2017
1,1081,7.0000,90.2101
1,1082,7.0000,91.2185
1,1083,7.0000,92.2269
1,1084,7.0000,93.2353
1,1085,7.0000,94.2437
1,1086,7.0000,95.2521
1,1087,7.0000,96.2605
1,1088,7.0000,97.2689
1,1089,7.0000,98.2773
1,1090,7.0000,99.2857
1,1091,6.0000,65.0000
1,1092,6.0000,66.0056
1,1093,6.0000,67.0112
1,1094,6.0000,68.0168
1,1095,6.0000,69.0223
1,1096,6.0000,70.0279
1,1097,6.0000,71.0335
1,1098,6.0000,72.0391
1,1099,6.0000,73.0447
1,1100,6.0000,74.0503
1,1101,6.0000,75.0559
1,1102,6.0000,76.0615
1,1103,6.0000,77.0670
1,1104,6.0000,78.0726
1,1105,6.0000,79.0782
1,1106,6.0000,80.0838
1,1107,6.0000,81.0894
1,1108,6.0000,82.0950
1,1109,6.0000,83.1006
1,1110,6.0000,84.1061
1,1111,6.0000,85.1117
1,1112,6.0000,86.1173
1,1113,6.0000,87.1229
1,1114,6.0000,88.1285
1,1115,6.0000,89.1341
1,1116,6.0000,90.1397
1,1117,6.0000,91.1453
1,1118,6.0000,92.1508
1,1119,6.0000,93.1564
1,1120,6.0000,94.1620
1,1121,6.0000,95.1676
1,1122,6.0000,96.1732
1,1123,6.0000,97.1788
1,1124,6.0000,98.1844
1,1125,6.0000,99.1899
1,1126,5.0000,65.0000
1,1127,5.0000,66.0028
1,1128,5.0000,67.0056
1,1129,5.0000,68.0084
1,1130,5.0000,69.0111
1,1131,5.0000,70.0139
1,1132,5.0000,71.0167
1,1133,5.0000,72.0195
1,1134,5.0000,73.0223
1,1135,5.0000,74.0251
1,1136,5.0000,75.0279
1,1137,5.0000,76.0306
1,1138,5.0000,77.0334
1,1139,5.0000,78.0362
1,1140,5.0000,79.0390
1,1141,5.0000,80.0418
1,1142,5.0000,81.0446
1,1143,5.0000,82.0474
1,1144,5.0000,83.0501
1,1145,5.0000,84.0529
1,1146,5.0000,85.0557
1,1147,5.0000,86.0585
1,1148,5.0000,87.0613
1,1149,5.0000,88.0641
1,1150,5.0000,89.0669
1,1151,5.0000,90.0696
1,1152,5.0000,91.0724
1,1153,5.0000,92.0752
1,1154,5.0000,93.0780
1,1155,5.0000,94.0808
1,1156,5.0000,95.0836
1,1157,5.0000,96.0864
1,1158,5.0000,97.0891
1,1159,5.0000,98.0919
1,1160,5.0000,99.0947
2,1161,56.0000,6.0000
2,1162,56.0000,7.7910
2,1163,56.0000,9.5821
2,1164,56.0000,11.3731
2,1165,56.0000,13.1642
2,1166,56.0000,14.9552
2,1167,55.0000,6.0000
2,1168,55.0000,7.7476
2,1169,55.0000,9.4951
2,1170,55.0000,11.2427
2,1171,55.0000,12.9903
2,1172,55.0000,14.7379
2,1173,54.0000,6.0000
2,1174,54.0000,7.6981
2,1175,54.0000,9.3962
2,1176,54.0000,11.0943
2,1177,54.0000,12.7925
2,1178,54.0000,14.4906
2,1179,53.0000,6.0000
2,1180,53.0000,7.6590
2,1181,53.0000,9.3180
2,1182,53.0000,10.9770
2,1183,53.0000,12.6359
2,1184,53.0000,14.2949
2,1185,52.0000,6.0000
2,1186,52.0000,7.6216
2,1187,52.0000,9.2432
2,1188,52.0000,10.8649
2,1189,52.0000,12.4865
2,1190,52.0000,14.1081
2,1191,51.0000,6.0000
2,1192,51.0000,7.5859
2,1193,51.0000,9.1718
2,1194,51.0000,10.7577
2,1195,51.0000,12.3436
2,1196,51.0000,13.9295
2,1197,50.0000,6.0000
2,1198,50.0000,7.5584
2,1199,50.0000,9.1169
2,1200,50.0000,10.6753
2,1201,50.0000,12.2338
2,1202,50.0000,13.7922
2,1203,49.0000,6.0000
2,1204,49.0000,7.5254
2,1205,49.0000,9.0508
2,1206,49.0000,10.5763
2,1207,49.0000,12.1017
2,1208,49.0000,13.6271
2,1209,48.0000,6.0000
2,1210,48.0000,7.4938
2,1211,48.0000,8.9876
2,1212,48.0000,10.4813
2,1213,48.0000,11.9751
2,1214,48.0000,13.4689
2,1215,48.0000,14.9627
2,1216,47.0000,6.0000
2,1217,47.0000,7.4634
2,1218,47.0000,8.9268
2,1219,47.0000,10.3902
2,1220,47.0000,11.8537
2,1221,47.0000,13.3171
2,1222,47.0000,14.7805
3,1223,50.0000,125.0000
3,1224,50.0000,126.5584
3,1225,50.0000,128.1169
3,1226,50.0000,129.6753
3,1227,50.0000,131.2338
3,1228,50.0000,132.7922
3,1229,50.0000,134.3506
3,1230,50.0000,135.9091
3,1231,50.0000,137.4675
3,1232,50.0000,139.0260
3,1233,50.0000,140.5844
3,1234,50.0000,142.1429
3,1235,50.0000,143.7013
3,1236,50.0000,145.2597
3,1237,50.0000,146.8182
3,1238,50.0000,148.3766
3,1239,50.0000,149.9351
3,1240,49.0000,125.0000
3,1241,49.0000,126.5254
3,1242,49.0000,128.0508
3,1243,49.0000,129.5763
3,1244,49.0000,131.1017
3,1245,49.0000,132.6271
3,1246,49.0000,134.1525
3,1247,49.0000,135.6780
3,1248,49.0000,137.2034
3,1249,49.0000,138.7288
3,1250,49.0000,140.2542
3,1251,49.0000,141.7797
3,1252,49.0000,143.3051
3,1253,49.0000,144.8305
3,1254,49.0000,146.3559
3,1255,49.0000,147.8814
3,1256,49.0000,149.4068
3,1257,48.0000,125.0000
3,1258,48.0000,126.4938
3,1259,48.0000,127.9876
3,1260,48.0000,129.4813
3,1261,48.0000,130.9751
3,1262,48.0000,132.4689
3,1263,48.0000,133.9627
3,1264,48.0000,135.4564
3,1265,48.0000,136.9502
3,1266,48.0000,138.4440
3,1267,48.0000,139.9378
3,1268,48.0000,141.4315
3,1269,48.0000,142.9253
3,1270,48.0000,144.4191
3,1271,48.0000,145.9129
3,1272,48.0000,147.4066
3,1273,48.0000,148.9004
3,1274,47.0000,125.0000
3,1275,47.0000,126.4634
3,1276,47.0000,127.9268
3,1277,47.0000,129.3902
3,1278,47.0000,130.8537
3,1279,47.0000,132.3171
3,1280,47.0000,133.7805
3,1281,47.0000,135.2439
3,1282,47.0000,136.7073
3,1283,47.0000,138.1707
3,1284,47.0000,139.6341
3,1285,47.0000,141.0976
3,1286,47.0000,142.5610
3,1287,47.0000,144.0244
3,1288,47.0000,145.4878
3,1289,47.0000,146.9512
3,1290,47.0000,148.4146
3,1291,47.0000,149.8780
3,1292,46.0000,125.0000
3,1293,46.0000,126.4400
3,1294,46.0000,127.8800
3,1295,46.0000,129.3200
3,1296,46.0000,130.7600
3,1297,46.0000,132.2000
3,1298,46.0000,133.6400
3,1299,46.0000,135.0800
3,1300,46.0000,136.5200
3,1301,46.0000,137.9600
3,1302,46.0000,139.4000
3,1303,46.0000,140.8400
3,1304,46.0000,142.2800
3,1305,46.0000,143.7200
3,1306,46.0000,145.1600
3,1307,46.0000,146.6000
3,1308,46.0000,148.0400
3,1309,46.0000,149.4800
3,1310,45.0000,125.0000
3,1311,45.0000,126.4118
3,1312,45.0000,127.8235
3,1313,45.0000,129.2353
3,1314,45.0000,130.6471
3,1315,45.0000,132.0588
3,1316,45.0000,133.4706
3,1317,45.0000,134.8824
3,1318,45.0000,136.2941
3,1319,45.0000,137.7059
3,1320,45.0000,139.1176
3,1321,45.0000,140.5294
3,1322,45.0000,141.9412
3,1323,45.0000,143.3529
3,1324,45.0000,144.7647
3,1325,45.0000,146.1765
3,1326,45.0000,147.5882
3,1327,45.0000,149.0000
3,1328,44.0000,125.0000
3,1329,44.0000,126.3900
3,1330,44.0000,127.7799
3,1331,44.0000,129.1699
3,1332,44.0000,130.5598
3,1333,44.0000,131.9498
3,1334,44.0000,133.3398
3,1335,44.0000,134.7297
3,1336,44.0000,136.1197
3,1337,44.0000,137.5097
3,1338,44.0000,138.8996
3,1339,44.0000,140.2896
3,1340,44.0000,141.6795
3,1341,44.0000,143.0695
3,1342,44.0000,144.4595
3,1343,44.0000,145.8494
3,1344,44.0000,147.2394
3,1345,44.0000,148.6293
3,1346,43.0000,125.0000
3,1347,43.0000,126.3688
3,1348,43.0000,127.7376
3,1349,43.0000,129.1065
3,1350,43.0000,130.4753
3,1351,43.0000,131.8441
3,1352,43.0000,133.2129
3,1353,43.0000,134.5817
3,1354,43.0000,135.9506
3,1355,43.0000,137.3194
3,1356,43.0000,138.6882
3,1357,43.0000,140.0570
3,1358,43.0000,141.4259
3,1359,43.0000,142.7947
3,1360,43.0000,144.1635
3,1361,43.0000,145.5323
3,1362,43.0000,146.9011
3,1363,43.0000,148.2700
3,1364,43.0000,149.6388
3,1365,42.0000,125.0000
3,1366,42.0000,126.3433
3,1367,42.0000,127.6866
3,1368,42.0000,129.0299
3,1369,42.0000,130.3731
3,1370,42.0000,131.7164
3,1371,42.0000,133.0597
3,1372,42.0000,134.4030
3,1373,42.0000,135.7463
3,1374,42.0000,137.0896
3,1375,42.0000,138.4328
3,1376,42.0000,139.7761
3,1377,42.0000,141.1194
3,1378,42.0000,142.4627
3,1379,42.0000,143.8060
3,1380,42.0000,145.1493
3,1381,42.0000,146.4925
3,1382,42.0000,147.8358
3,1383,42.0000,149.1791
3,1384,41.0000,125.0000
3,1385,41.0000,126.3235
3,1386,41.0000,127.6471
3,1387,41.0000,128.9706
3,1388,41.0000,130.2941
3,1389,41.0000,131.6176
3,1390,41.0000,132.9412
3,1391,41.0000,134.2647
3,1392,41.0000,135.5882
3,1393,41.0000,136.9118
3,1394,41.0000,138.2353
3,1395,41.0000,139.5588
3,1396,41.0000,140.8824
3,1397,41.0000,142.2059
3,1398,41.0000,143.5294
3,1399,41.0000,144.8529
3,1400,41.0000,146.1765
3,1401,41.0000,147.5000
3,1402,41.0000,148.8235
3,1403,40.0000,125.0000
3,1404,40.0000,126.3043
3,1405,40.0000,127.6087
3,1406,40.0000,128.9130
3,1407,40.0000,130.2174
3,1408,40.0000,131.5217
3,1409,40.0000,132.8261
3,1410,40.0000,134.1304
3,1411,40.0000,135.4348
3,1412,40.0000,136.7391
3,1413,40.0000,138.0435
3,1414,40.0000,139.3478
3,1415,40.0000,140.6522
3,1416,40.0000,141.9565
3,1417,40.0000,143.2609
3,1418,40.0000,144.5652
3,1419,40.0000,145.8696
3,1420,40.0000,147.1739
3,1421,40.0000,148.4783
3,1422,40.0000,149.7826
3,1423,39.0000,125.0000
3,1424,39.0000,126.2857
3,1425,39.0000,127.5714
3,1426,39.0000,128.8571
3,1427,39.0000,130.1429
3,1428,39.0000,131.4286
3,1429,39.0000,132.7143
3,1430,39.0000,134.0000
3,1431,39.0000,135.2857
3,1432,39.0000,136.5714
3,1433,39.0000,137.8571
3,1434,39.0000,139.1429
3,1435,39.0000,140.4286
3,1436,39.0000,141.7143
3,1437,39.0000,143.0000
3,1438,39.0000,144.2857
3,1439,39.0000,145.5714
3,1440,39.0000,146.8571
3,1441,39.0000,148.1429
3,1442,39.0000,149.4286
3,1443,38.0000,125.0000
3,1444,38.0000,126.2676
3,1445,38.0000,127.5352
3,1446,38.0000,128.8028
3,1447,38.0000,130.0704
3,1448,38.0000,131.3380
3,1449,38.0000,132.6056
3,1450,38.0000,133.8732
3,1451,38.0000,135.1408
3,1452,38.0000,136.4085
3,1453,38.0000,137.6761
3,1454,38.0000,138.9437
3,1455,38.0000,140.2113
3,1456,38.0000,141.4789
3,1457,38.0000,142.7465
3,1458,38.0000,144.0141
3,1459,38.0000,145.2817
3,1460,38.0000,146.5493
3,1461,38.0000,147.8169
3,1462,38.0000,149.0845
3,1463,37.0000,125.0000
3,1464,37.0000,126.2544
3,1465,37.0000,127.5087
3,1466,37.0000,128.7631
3,1467,37.0000,130.0174
3,1468,37.0000,131.2718
3,1469,37.0000,132.5261
3,1470,37.0000,133.7805
3,1471,37.0000,135.0348
3,1472,37.0000,136.2892
3,1473,37.0000,137.5436
3,1474,37.0000,138.7979
3,1475,37.0000,140.0523
3,1476,37.0000,141.3066
3,1477,37.0000,142.5610
3,1478,37.0000,143.8153
3,1479,37.0000,145.0697
3,1480,37.0000,146.3240
3,1481,37.0000,147.5784
3,1482,37.0000,148.8328
3,1483,36.0000,125.0000
3,1484,36.0000,126.2371
3,1485,36.0000,127.4742
3,1486,36.0000,128.7113
3,1487,36.0000,129.9485
3,1488,36.0000,131.1856
3,1489,36.0000,132.4227
3,1490,36.0000,133.6598
3,1491,36.0000,134.8969
3,1492,36.0000,136.1340
3,1493,36.0000,137.3711
3,1494,36.0000,138.6082
3,1495,36.0000,139.8454
3,1496,36.0000,141.0825
3,1497,36.0000,142.3196
3,1498,36.0000,143.5567
3,1499,36.0000,144.7938
3,1500,36.0000,146.0309
3,1501,36.0000,147.2680
3,1502,36.0000,148.5052
3,1503,36.0000,149.7423
3,1504,35.0000,125.0000
3,1505,35.0000,126.2203
3,1506,35.0000,127.4407
3,1507,35.0000,128.6610
3,1508,35.0000,129.8814
3,1509,35.0000,131.1017
3,1510,35.0000,132.3220
3,1511,35.0000,133.5424
3,1512,35.0000,134.7627
3,1513,35.0000,135.9831
3,1514,35.0000,137.2034
3,1515,35.0000,138.4237
3,1516,35.0000,139.6441
3,1517,35.0000,140.8644
3,1518,35.0000,142.0847
3,1519,35.0000,143.3051
3,1520,35.0000,144.5254
3,1521,35.0000,145.7458
3,1522,35.0000,146.9661
3,1523,35.0000,148.1864
3,1524,35.0000,149.4068
3,1525,34.0000,125.0000
3,1526,34.0000,126.2081
3,1527,34.0000,127.4161
3,1528,34.0000,128.6242
3,1529,34.0000,129.8322
3,1530,34.0000,131.0403
3,1531,34.0000,132.2483
3,1532,34.0000,133.4564
3,1533,34.0000,134.6644
3,1534,34.0000,135.8725
3,1535,34.0000,137.0805
3,1536,34.0000,138.2886
3,1537,34.0000,139.4966
3,1538,34.0000,140.7047
3,1539,34.0000,141.9128
3,1540,34.0000,143.1208
3,1541,34.0000,144.3289
3,1542,34.0000,145.5369
3,1543,34.0000,146.7450
3,1544,34.0000,147.9530
3,1545,34.0000,149.1611
3,1546,33.0000,125.0000
3,1547,33.0000,126.1921
3,1548,33.0000,127.3841
3,1549,33.0000,128.5762
3,1550,33.0000,129.7682
3,1551,33.0000,130.9603
3,1552,33.0000,132.1523
3,1553,33.0000,133.3444
3,1554,33.0000,134.5364
3,1555,33.0000,135.7285
3,1556,33.0000,136.9205
3,1557,33.0000,138.1126
3,1558,33.0000,139.3046
3,1559,33.0000,140.4967
3,1560,33.0000,141.6887
3,1561,33.0000,142.8808
3,1562,33.0000,144.0728
3,1563,33.0000,145.2649
3,1564,33.0000,146.4570
3,1565,33.0000,147.6490
3,1566,33.0000,148.8411
3,1567,32.0000,125.0000
3,1568,32.0000,126.1803
3,1569,32.0000,127.3607
3,1570,32.0000,128.5410
3,1571,32.0000,129.7213
3,1572,32.0000,130.9016
3,1573,32.0000,132.0820
3,1574,32.0000,133.2623
3,1575,32.0000,134.4426
3,1576,32.0000,135.6230
3,1577,32.0000,136.8033
3,1578,32.0000,137.9836
3,1579,32.0000,139.1639
3,1580,32.0000,140.3443
3,1581,32.0000,141.5246
3,1582,32.0000,142.7049
3,1583,32.0000,143.8852
3,1584,32.0000,145.0656
3,1585,32.0000,146.2459
3,1586,32.0000,147.4262
3,1587,32.0000,148.6066
3,1588,32.0000,149.7869
3,1589,31.0000,125.0000
3,1590,31.0000,126.1650
3,1591,31.0000,127.3301
3,1592,31.0000,128.4951
3,1593,31.0000,129.6602
3,1594,31.0000,130.8252
3,1595,31.0000,131.9903
3,1596,31.0000,133.1553
3,1597,31.0000,134.3204
3,1598,31.0000,135.4854
3,1599,31.0000,136.6505
3,1600,31.0000,137.8155
3,1601,31.0000,138.9806
3,1602,31.0000,140.1456
3,1603,31.0000,141.3107
3,1604,31.0000,142.4757
3,1605,31.0000,143.6408
3,1606,31.0000,144.8058
3,1607,31.0000,145.9709
3,1608,31.0000,147.1359
3,1609,31.0000,148.3010
3,1610,31.0000,149.4660
3,1611,30.0000,125.0000
3,1612,30.0000,126.1538
3,1613,30.0000,127.3077
3,1614,30.0000,128.4615
3,1615,30.0000,129.6154
3,1616,30.0000,130.7692
3,1617,30.0000,131.9231
3,1618,30.0000,133.0769
3,1619,30.0000,134.2308
3,1620,30.0000,135.3846
3,1621,30.0000,136.5385
3,1622,30.0000,137.6923
3,1623,30.0000,138.8462
3,1624,30.0000,140.0000
3,1625,30.0000,141.1538
3,1626,30.0000,142.3077
3,1627,30.0000,143.4615
3,1628,30.0000,144.6154
3,1629,30.0000,145.7692
3,1630,30.0000,146.9231
3,1631,30.0000,148.0769
3,1632,30.0000,149.2308
