CYGFM05                 
1 41884U 16078A   22338.06113792  .00002950  00000+0  14529-3 0  9993
2 41884  34.9552 224.7531 0014167 176.0718 184.0107 15.17438862330651
CYGFM04                 
1 41885U 16078B   22337.72368417  .00003008  00000+0  14583-3 0  9997
2 41885  34.9482 215.1241 0012986 192.1419 167.8982 15.17989707330558
CYGFM02                 
1 41886U 16078C   22337.84173861  .00003085  00000+0  14936-3 0  9995
2 41886  34.9573 216.6508 0013507 186.5840 173.4697 15.18030793330657
CYGFM01                 
1 41887U 16078D   22338.08501672  .00002985  00000+0  14781-3 0  9994
2 41887  34.9519 227.2723 0014663 175.1612 184.9244 15.17237750330623
CYGFM08                 
1 41888U 16078E   22338.08181733  .00002766  00000+0  13519-3 0  9992
2 41888  34.9489 219.1272 0014090 188.6402 171.4069 15.17731258330672
CYGFM06                 
1 41889U 16078F   22338.08337846  .00002849  00000+0  13800-3 0  9996
2 41889  34.9567 213.7906 0012550 189.2987 170.7494 15.18048943330765
CYGFM07                 
1 41890U 16078G   22338.07540838  .00002724  00000+0  13231-3 0  9994
2 41890  34.9506 212.7087 0012474 194.0303 166.0064 15.17976139330767
CYGFM03                 
1 41891U 16078H   22337.35052320  .00002782  00000+0  13513-3 0  9996
2 41891  34.9538 217.7481 0011866 185.5374 174.5208 15.17975187330499