regi,gpi,lat[deg],lon[deg]
1,0,9.95294,20
1,1,9.95294,20.4322
1,2,9.95294,20.8643
1,3,9.95294,21.2965
1,4,9.95294,21.7287
1,5,9.95294,22.1609
1,6,9.95294,22.593
1,7,9.95294,23.0252
1,8,9.95294,23.4574
1,9,9.95294,23.8896
1,10,9.95294,24.3217
1,11,9.95294,24.7539
1,12,9.95294,25.1861
1,13,9.95294,25.6182
1,14,9.95294,26.0504
1,15,9.95294,26.4826
1,16,9.95294,26.9148
1,17,9.95294,27.3469
1,18,9.95294,27.7791
1,19,9.95294,28.2113
1,20,9.95294,28.6435
1,21,9.95294,29.0756
1,22,9.95294,29.5078
1,23,9.95294,29.94
1,24,9.95294,30.3721
1,25,9.95294,30.8043
1,26,9.95294,31.2365
1,27,9.95294,31.6687
1,28,9.95294,32.1008
1,29,9.95294,32.533
1,30,9.95294,32.9652
1,31,9.95294,33.3974
1,32,9.95294,33.8295
1,33,9.95294,34.2617
1,34,9.95294,34.6939
1,35,9.95294,35.1261
1,36,9.95294,35.5582
1,37,9.95294,35.9904
1,38,9.95294,36.4226
1,39,9.95294,36.8547
1,40,9.95294,37.2869
1,41,9.95294,37.7191
1,42,9.95294,38.1513
1,43,9.95294,38.5834
1,44,9.95294,39.0156
1,45,9.95294,39.4478
1,46,9.95294,39.88
1,47,9.95294,40.3121
1,48,9.95294,40.7443
1,49,9.95294,41.1765
1,50,9.95294,41.6086
1,51,9.95294,42.0408
1,52,9.95294,42.473
1,53,9.95294,42.9052
1,54,9.95294,43.3373
1,55,9.95294,43.7695
1,56,9.95294,44.2017
1,57,9.95294,44.6339
1,58,9.52941,20
1,59,9.52941,20.4311
1,60,9.52941,20.8623
1,61,9.52941,21.2934
1,62,9.52941,21.7246
1,63,9.52941,22.1557
1,64,9.52941,22.5868
1,65,9.52941,23.018
1,66,9.52941,23.4491
1,67,9.52941,23.8802
1,68,9.52941,24.3114
1,69,9.52941,24.7425
1,70,9.52941,25.1737
1,71,9.52941,25.6048
1,72,9.52941,26.0359
1,73,9.52941,26.4671
1,74,9.52941,26.8982
1,75,9.52941,27.3293
1,76,9.52941,27.7605
1,77,9.52941,28.1916
1,78,9.52941,28.6228
1,79,9.52941,29.0539
1,80,9.52941,29.485
1,81,9.52941,29.9162
1,82,9.52941,30.3473
1,83,9.52941,30.7784
1,84,9.52941,31.2096
1,85,9.52941,31.6407
1,86,9.52941,32.0719
1,87,9.52941,32.503
1,88,9.52941,32.9341
1,89,9.52941,33.3653
1,90,9.52941,33.7964
1,91,9.52941,34.2275
1,92,9.52941,34.6587
1,93,9.52941,35.0898
1,94,9.52941,35.521
1,95,9.52941,35.9521
1,96,9.52941,36.3832
1,97,9.52941,36.8144
1,98,9.52941,37.2455
1,99,9.52941,37.6766
1,100,9.52941,38.1078
1,101,9.52941,38.5389
1,102,9.52941,38.9701
1,103,9.52941,39.4012
1,104,9.52941,39.8323
1,105,9.52941,40.2635
1,106,9.52941,40.6946
1,107,9.52941,41.1257
1,108,9.52941,41.5569
1,109,9.52941,41.988
1,110,9.52941,42.4192
1,111,9.52941,42.8503
1,112,9.52941,43.2814
1,113,9.52941,43.7126
1,114,9.52941,44.1437
1,115,9.52941,44.5749
1,116,9.10588,20
1,117,9.10588,20.4306
1,118,9.10588,20.8612
1,119,9.10588,21.2919
1,120,9.10588,21.7225
1,121,9.10588,22.1531
1,122,9.10588,22.5837
1,123,9.10588,23.0144
1,124,9.10588,23.445
1,125,9.10588,23.8756
1,126,9.10588,24.3062
1,127,9.10588,24.7368
1,128,9.10588,25.1675
1,129,9.10588,25.5981
1,130,9.10588,26.0287
1,131,9.10588,26.4593
1,132,9.10588,26.89
1,133,9.10588,27.3206
1,134,9.10588,27.7512
1,135,9.10588,28.1818
1,136,9.10588,28.6124
1,137,9.10588,29.0431
1,138,9.10588,29.4737
1,139,9.10588,29.9043
1,140,9.10588,30.3349
1,141,9.10588,30.7656
1,142,9.10588,31.1962
1,143,9.10588,31.6268
1,144,9.10588,32.0574
1,145,9.10588,32.488
1,146,9.10588,32.9187
1,147,9.10588,33.3493
1,148,9.10588,33.7799
1,149,9.10588,34.2105
1,150,9.10588,34.6411
1,151,9.10588,35.0718
1,152,9.10588,35.5024
1,153,9.10588,35.933
1,154,9.10588,36.3636
1,155,9.10588,36.7943
1,156,9.10588,37.2249
1,157,9.10588,37.6555
1,158,9.10588,38.0861
1,159,9.10588,38.5167
1,160,9.10588,38.9474
1,161,9.10588,39.378
1,162,9.10588,39.8086
1,163,9.10588,40.2392
1,164,9.10588,40.6699
1,165,9.10588,41.1005
1,166,9.10588,41.5311
1,167,9.10588,41.9617
1,168,9.10588,42.3923
1,169,9.10588,42.823
1,170,9.10588,43.2536
1,171,9.10588,43.6842
1,172,9.10588,44.1148
1,173,9.10588,44.5455
1,174,9.10588,44.9761
1,175,8.68235,20
1,176,8.68235,20.4301
1,177,8.68235,20.8602
1,178,8.68235,21.2903
1,179,8.68235,21.7204
1,180,8.68235,22.1505
1,181,8.68235,22.5806
1,182,8.68235,23.0108
1,183,8.68235,23.4409
1,184,8.68235,23.871
1,185,8.68235,24.3011
1,186,8.68235,24.7312
1,187,8.68235,25.1613
1,188,8.68235,25.5914
1,189,8.68235,26.0215
1,190,8.68235,26.4516
1,191,8.68235,26.8817
1,192,8.68235,27.3118
1,193,8.68235,27.7419
1,194,8.68235,28.172
1,195,8.68235,28.6022
1,196,8.68235,29.0323
1,197,8.68235,29.4624
1,198,8.68235,29.8925
1,199,8.68235,30.3226
1,200,8.68235,30.7527
1,201,8.68235,31.1828
1,202,8.68235,31.6129
1,203,8.68235,32.043
1,204,8.68235,32.4731
1,205,8.68235,32.9032
1,206,8.68235,33.3333
1,207,8.68235,33.7634
1,208,8.68235,34.1935
1,209,8.68235,34.6237
1,210,8.68235,35.0538
1,211,8.68235,35.4839
1,212,8.68235,35.914
1,213,8.68235,36.3441
1,214,8.68235,36.7742
1,215,8.68235,37.2043
1,216,8.68235,37.6344
1,217,8.68235,38.0645
1,218,8.68235,38.4946
1,219,8.68235,38.9247
1,220,8.68235,39.3548
1,221,8.68235,39.7849
1,222,8.68235,40.2151
1,223,8.68235,40.6452
1,224,8.68235,41.0753
1,225,8.68235,41.5054
1,226,8.68235,41.9355
1,227,8.68235,42.3656
1,228,8.68235,42.7957
1,229,8.68235,43.2258
1,230,8.68235,43.6559
1,231,8.68235,44.086
1,232,8.68235,44.5161
1,233,8.68235,44.9462
1,234,8.25882,20
1,235,8.25882,20.4301
1,236,8.25882,20.8602
1,237,8.25882,21.2903
1,238,8.25882,21.7204
1,239,8.25882,22.1505
1,240,8.25882,22.5806
1,241,8.25882,23.0108
1,242,8.25882,23.4409
1,243,8.25882,23.871
1,244,8.25882,24.3011
1,245,8.25882,24.7312
1,246,8.25882,25.1613
1,247,8.25882,25.5914
1,248,8.25882,26.0215
1,249,8.25882,26.4516
1,250,8.25882,26.8817
1,251,8.25882,27.3118
1,252,8.25882,27.7419
1,253,8.25882,28.172
1,254,8.25882,28.6022
1,255,8.25882,29.0323
1,256,8.25882,29.4624
1,257,8.25882,29.8925
1,258,8.25882,30.3226
1,259,8.25882,30.7527
1,260,8.25882,31.1828
1,261,8.25882,31.6129
1,262,8.25882,32.043
1,263,8.25882,32.4731
1,264,8.25882,32.9032
1,265,8.25882,33.3333
1,266,8.25882,33.7634
1,267,8.25882,34.1935
1,268,8.25882,34.6237
1,269,8.25882,35.0538
1,270,8.25882,35.4839
1,271,8.25882,35.914
1,272,8.25882,36.3441
1,273,8.25882,36.7742
1,274,8.25882,37.2043
1,275,8.25882,37.6344
1,276,8.25882,38.0645
1,277,8.25882,38.4946
1,278,8.25882,38.9247
1,279,8.25882,39.3548
1,280,8.25882,39.7849
1,281,8.25882,40.2151
1,282,8.25882,40.6452
1,283,8.25882,41.0753
1,284,8.25882,41.5054
1,285,8.25882,41.9355
1,286,8.25882,42.3656
1,287,8.25882,42.7957
1,288,8.25882,43.2258
1,289,8.25882,43.6559
1,290,8.25882,44.086
1,291,8.25882,44.5161
1,292,8.25882,44.9462
1,293,7.83529,20
1,294,7.83529,20.4296
1,295,7.83529,20.8592
1,296,7.83529,21.2888
1,297,7.83529,21.7184
1,298,7.83529,22.148
1,299,7.83529,22.5776
1,300,7.83529,23.0072
1,301,7.83529,23.4368
1,302,7.83529,23.8663
1,303,7.83529,24.2959
1,304,7.83529,24.7255
1,305,7.83529,25.1551
1,306,7.83529,25.5847
1,307,7.83529,26.0143
1,308,7.83529,26.4439
1,309,7.83529,26.8735
1,310,7.83529,27.3031
1,311,7.83529,27.7327
1,312,7.83529,28.1623
1,313,7.83529,28.5919
1,314,7.83529,29.0215
1,315,7.83529,29.4511
1,316,7.83529,29.8807
1,317,7.83529,30.3103
1,318,7.83529,30.7399
1,319,7.83529,31.1695
1,320,7.83529,31.599
1,321,7.83529,32.0286
1,322,7.83529,32.4582
1,323,7.83529,32.8878
1,324,7.83529,33.3174
1,325,7.83529,33.747
1,326,7.83529,34.1766
1,327,7.83529,34.6062
1,328,7.83529,35.0358
1,329,7.83529,35.4654
1,330,7.83529,35.895
1,331,7.83529,36.3246
1,332,7.83529,36.7542
1,333,7.83529,37.1838
1,334,7.83529,37.6134
1,335,7.83529,38.043
1,336,7.83529,38.4726
1,337,7.83529,38.9021
1,338,7.83529,39.3317
1,339,7.83529,39.7613
1,340,7.83529,40.1909
1,341,7.83529,40.6205
1,342,7.83529,41.0501
1,343,7.83529,41.4797
1,344,7.83529,41.9093
1,345,7.83529,42.3389
1,346,7.83529,42.7685
1,347,7.83529,43.1981
1,348,7.83529,43.6277
1,349,7.83529,44.0573
1,350,7.83529,44.4869
1,351,7.83529,44.9165
1,352,7.41176,20
1,353,7.41176,20.4291
1,354,7.41176,20.8582
1,355,7.41176,21.2872
1,356,7.41176,21.7163
1,357,7.41176,22.1454
1,358,7.41176,22.5745
1,359,7.41176,23.0036
1,360,7.41176,23.4327
1,361,7.41176,23.8617
1,362,7.41176,24.2908
1,363,7.41176,24.7199
1,364,7.41176,25.149
1,365,7.41176,25.5781
1,366,7.41176,26.0072
1,367,7.41176,26.4362
1,368,7.41176,26.8653
1,369,7.41176,27.2944
1,370,7.41176,27.7235
1,371,7.41176,28.1526
1,372,7.41176,28.5816
1,373,7.41176,29.0107
1,374,7.41176,29.4398
1,375,7.41176,29.8689
1,376,7.41176,30.298
1,377,7.41176,30.7271
1,378,7.41176,31.1561
1,379,7.41176,31.5852
1,380,7.41176,32.0143
1,381,7.41176,32.4434
1,382,7.41176,32.8725
1,383,7.41176,33.3015
1,384,7.41176,33.7306
1,385,7.41176,34.1597
1,386,7.41176,34.5888
1,387,7.41176,35.0179
1,388,7.41176,35.447
1,389,7.41176,35.876
1,390,7.41176,36.3051
1,391,7.41176,36.7342
1,392,7.41176,37.1633
1,393,7.41176,37.5924
1,394,7.41176,38.0215
1,395,7.41176,38.4505
1,396,7.41176,38.8796
1,397,7.41176,39.3087
1,398,7.41176,39.7378
1,399,7.41176,40.1669
1,400,7.41176,40.5959
1,401,7.41176,41.025
1,402,7.41176,41.4541
1,403,7.41176,41.8832
1,404,7.41176,42.3123
1,405,7.41176,42.7414
1,406,7.41176,43.1704
1,407,7.41176,43.5995
1,408,7.41176,44.0286
1,409,7.41176,44.4577
1,410,7.41176,44.8868
1,411,6.98824,20
1,412,6.98824,20.4286
1,413,6.98824,20.8571
1,414,6.98824,21.2857
1,415,6.98824,21.7143
1,416,6.98824,22.1429
1,417,6.98824,22.5714
1,418,6.98824,23
1,419,6.98824,23.4286
1,420,6.98824,23.8571
1,421,6.98824,24.2857
1,422,6.98824,24.7143
1,423,6.98824,25.1429
1,424,6.98824,25.5714
1,425,6.98824,26
1,426,6.98824,26.4286
1,427,6.98824,26.8571
1,428,6.98824,27.2857
1,429,6.98824,27.7143
1,430,6.98824,28.1429
1,431,6.98824,28.5714
1,432,6.98824,29
1,433,6.98824,29.4286
1,434,6.98824,29.8571
1,435,6.98824,30.2857
1,436,6.98824,30.7143
1,437,6.98824,31.1429
1,438,6.98824,31.5714
1,439,6.98824,32
1,440,6.98824,32.4286
1,441,6.98824,32.8571
1,442,6.98824,33.2857
1,443,6.98824,33.7143
1,444,6.98824,34.1429
1,445,6.98824,34.5714
1,446,6.98824,35
1,447,6.98824,35.4286
1,448,6.98824,35.8571
1,449,6.98824,36.2857
1,450,6.98824,36.7143
1,451,6.98824,37.1429
1,452,6.98824,37.5714
1,453,6.98824,38
1,454,6.98824,38.4286
1,455,6.98824,38.8571
1,456,6.98824,39.2857
1,457,6.98824,39.7143
1,458,6.98824,40.1429
1,459,6.98824,40.5714
1,460,6.98824,41
1,461,6.98824,41.4286
1,462,6.98824,41.8571
1,463,6.98824,42.2857
1,464,6.98824,42.7143
1,465,6.98824,43.1429
1,466,6.98824,43.5714
1,467,6.98824,44
1,468,6.98824,44.4286
1,469,6.98824,44.8571
1,470,6.56471,20
1,471,6.56471,20.4281
1,472,6.56471,20.8561
1,473,6.56471,21.2842
1,474,6.56471,21.7122
1,475,6.56471,22.1403
1,476,6.56471,22.5684
1,477,6.56471,22.9964
1,478,6.56471,23.4245
1,479,6.56471,23.8526
1,480,6.56471,24.2806
1,481,6.56471,24.7087
1,482,6.56471,25.1367
1,483,6.56471,25.5648
1,484,6.56471,25.9929
1,485,6.56471,26.4209
1,486,6.56471,26.849
1,487,6.56471,27.2771
1,488,6.56471,27.7051
1,489,6.56471,28.1332
1,490,6.56471,28.5612
1,491,6.56471,28.9893
1,492,6.56471,29.4174
1,493,6.56471,29.8454
1,494,6.56471,30.2735
1,495,6.56471,30.7015
1,496,6.56471,31.1296
1,497,6.56471,31.5577
1,498,6.56471,31.9857
1,499,6.56471,32.4138
1,500,6.56471,32.8419
1,501,6.56471,33.2699
1,502,6.56471,33.698
1,503,6.56471,34.126
1,504,6.56471,34.5541
1,505,6.56471,34.9822
1,506,6.56471,35.4102
1,507,6.56471,35.8383
1,508,6.56471,36.2663
1,509,6.56471,36.6944
1,510,6.56471,37.1225
1,511,6.56471,37.5505
1,512,6.56471,37.9786
1,513,6.56471,38.4067
1,514,6.56471,38.8347
1,515,6.56471,39.2628
1,516,6.56471,39.6908
1,517,6.56471,40.1189
1,518,6.56471,40.547
1,519,6.56471,40.975
1,520,6.56471,41.4031
1,521,6.56471,41.8312
1,522,6.56471,42.2592
1,523,6.56471,42.6873
1,524,6.56471,43.1153
1,525,6.56471,43.5434
1,526,6.56471,43.9715
1,527,6.56471,44.3995
1,528,6.56471,44.8276
1,529,6.14118,20
1,530,6.14118,20.4281
1,531,6.14118,20.8561
1,532,6.14118,21.2842
1,533,6.14118,21.7122
1,534,6.14118,22.1403
1,535,6.14118,22.5684
1,536,6.14118,22.9964
1,537,6.14118,23.4245
1,538,6.14118,23.8526
1,539,6.14118,24.2806
1,540,6.14118,24.7087
1,541,6.14118,25.1367
1,542,6.14118,25.5648
1,543,6.14118,25.9929
1,544,6.14118,26.4209
1,545,6.14118,26.849
1,546,6.14118,27.2771
1,547,6.14118,27.7051
1,548,6.14118,28.1332
1,549,6.14118,28.5612
1,550,6.14118,28.9893
1,551,6.14118,29.4174
1,552,6.14118,29.8454
1,553,6.14118,30.2735
1,554,6.14118,30.7015
1,555,6.14118,31.1296
1,556,6.14118,31.5577
1,557,6.14118,31.9857
1,558,6.14118,32.4138
1,559,6.14118,32.8419
1,560,6.14118,33.2699
1,561,6.14118,33.698
1,562,6.14118,34.126
1,563,6.14118,34.5541
1,564,6.14118,34.9822
1,565,6.14118,35.4102
1,566,6.14118,35.8383
1,567,6.14118,36.2663
1,568,6.14118,36.6944
1,569,6.14118,37.1225
1,570,6.14118,37.5505
1,571,6.14118,37.9786
1,572,6.14118,38.4067
1,573,6.14118,38.8347
1,574,6.14118,39.2628
1,575,6.14118,39.6908
1,576,6.14118,40.1189
1,577,6.14118,40.547
1,578,6.14118,40.975
1,579,6.14118,41.4031
1,580,6.14118,41.8312
1,581,6.14118,42.2592
1,582,6.14118,42.6873
1,583,6.14118,43.1153
1,584,6.14118,43.5434
1,585,6.14118,43.9715
1,586,6.14118,44.3995
1,587,6.14118,44.8276
1,588,5.71765,20
1,589,5.71765,20.4276
1,590,5.71765,20.8551
1,591,5.71765,21.2827
1,592,5.71765,21.7102
1,593,5.71765,22.1378
1,594,5.71765,22.5653
1,595,5.71765,22.9929
1,596,5.71765,23.4204
1,597,5.71765,23.848
1,598,5.71765,24.2755
1,599,5.71765,24.7031
1,600,5.71765,25.1306
1,601,5.71765,25.5582
1,602,5.71765,25.9857
1,603,5.71765,26.4133
1,604,5.71765,26.8409
1,605,5.71765,27.2684
1,606,5.71765,27.696
1,607,5.71765,28.1235
1,608,5.71765,28.5511
1,609,5.71765,28.9786
1,610,5.71765,29.4062
1,611,5.71765,29.8337
1,612,5.71765,30.2613
1,613,5.71765,30.6888
1,614,5.71765,31.1164
1,615,5.71765,31.5439
1,616,5.71765,31.9715
1,617,5.71765,32.399
1,618,5.71765,32.8266
1,619,5.71765,33.2542
1,620,5.71765,33.6817
1,621,5.71765,34.1093
1,622,5.71765,34.5368
1,623,5.71765,34.9644
1,624,5.71765,35.3919
1,625,5.71765,35.8195
1,626,5.71765,36.247
1,627,5.71765,36.6746
1,628,5.71765,37.1021
1,629,5.71765,37.5297
1,630,5.71765,37.9572
1,631,5.71765,38.3848
1,632,5.71765,38.8124
1,633,5.71765,39.2399
1,634,5.71765,39.6675
1,635,5.71765,40.095
1,636,5.71765,40.5226
1,637,5.71765,40.9501
1,638,5.71765,41.3777
1,639,5.71765,41.8052
1,640,5.71765,42.2328
1,641,5.71765,42.6603
1,642,5.71765,43.0879
1,643,5.71765,43.5154
1,644,5.71765,43.943
1,645,5.71765,44.3705
1,646,5.71765,44.7981
1,647,5.29412,20
1,648,5.29412,20.427
1,649,5.29412,20.8541
1,650,5.29412,21.2811
1,651,5.29412,21.7082
1,652,5.29412,22.1352
1,653,5.29412,22.5623
1,654,5.29412,22.9893
1,655,5.29412,23.4164
1,656,5.29412,23.8434
1,657,5.29412,24.2705
1,658,5.29412,24.6975
1,659,5.29412,25.1246
1,660,5.29412,25.5516
1,661,5.29412,25.9786
1,662,5.29412,26.4057
1,663,5.29412,26.8327
1,664,5.29412,27.2598
1,665,5.29412,27.6868
1,666,5.29412,28.1139
1,667,5.29412,28.5409
1,668,5.29412,28.968
1,669,5.29412,29.395
1,670,5.29412,29.8221
1,671,5.29412,30.2491
1,672,5.29412,30.6762
1,673,5.29412,31.1032
1,674,5.29412,31.5302
1,675,5.29412,31.9573
1,676,5.29412,32.3843
1,677,5.29412,32.8114
1,678,5.29412,33.2384
1,679,5.29412,33.6655
1,680,5.29412,34.0925
1,681,5.29412,34.5196
1,682,5.29412,34.9466
1,683,5.29412,35.3737
1,684,5.29412,35.8007
1,685,5.29412,36.2278
1,686,5.29412,36.6548
1,687,5.29412,37.0819
1,688,5.29412,37.5089
1,689,5.29412,37.9359
1,690,5.29412,38.363
1,691,5.29412,38.79
1,692,5.29412,39.2171
1,693,5.29412,39.6441
1,694,5.29412,40.0712
1,695,5.29412,40.4982
1,696,5.29412,40.9253
1,697,5.29412,41.3523
1,698,5.29412,41.7794
1,699,5.29412,42.2064
1,700,5.29412,42.6335
1,701,5.29412,43.0605
1,702,5.29412,43.4875
1,703,5.29412,43.9146
1,704,5.29412,44.3416
1,705,5.29412,44.7687
1,706,4.87059,20
1,707,4.87059,20.427
1,708,4.87059,20.8541
1,709,4.87059,21.2811
1,710,4.87059,21.7082
1,711,4.87059,22.1352
1,712,4.87059,22.5623
1,713,4.87059,22.9893
1,714,4.87059,23.4164
1,715,4.87059,23.8434
1,716,4.87059,24.2705
1,717,4.87059,24.6975
1,718,4.87059,25.1246
1,719,4.87059,25.5516
1,720,4.87059,25.9786
1,721,4.87059,26.4057
1,722,4.87059,26.8327
1,723,4.87059,27.2598
1,724,4.87059,27.6868
1,725,4.87059,28.1139
1,726,4.87059,28.5409
1,727,4.87059,28.968
1,728,4.87059,29.395
1,729,4.87059,29.8221
1,730,4.87059,30.2491
1,731,4.87059,30.6762
1,732,4.87059,31.1032
1,733,4.87059,31.5302
1,734,4.87059,31.9573
1,735,4.87059,32.3843
1,736,4.87059,32.8114
1,737,4.87059,33.2384
1,738,4.87059,33.6655
1,739,4.87059,34.0925
1,740,4.87059,34.5196
1,741,4.87059,34.9466
1,742,4.87059,35.3737
1,743,4.87059,35.8007
1,744,4.87059,36.2278
1,745,4.87059,36.6548
1,746,4.87059,37.0819
1,747,4.87059,37.5089
1,748,4.87059,37.9359
1,749,4.87059,38.363
1,750,4.87059,38.79
1,751,4.87059,39.2171
1,752,4.87059,39.6441
1,753,4.87059,40.0712
1,754,4.87059,40.4982
1,755,4.87059,40.9253
1,756,4.87059,41.3523
1,757,4.87059,41.7794
1,758,4.87059,42.2064
1,759,4.87059,42.6335
1,760,4.87059,43.0605
1,761,4.87059,43.4875
1,762,4.87059,43.9146
1,763,4.87059,44.3416
1,764,4.87059,44.7687
1,765,4.44706,20
1,766,4.44706,20.4265
1,767,4.44706,20.8531
1,768,4.44706,21.2796
1,769,4.44706,21.7062
1,770,4.44706,22.1327
1,771,4.44706,22.5592
1,772,4.44706,22.9858
1,773,4.44706,23.4123
1,774,4.44706,23.8389
1,775,4.44706,24.2654
1,776,4.44706,24.6919
1,777,4.44706,25.1185
1,778,4.44706,25.545
1,779,4.44706,25.9716
1,780,4.44706,26.3981
1,781,4.44706,26.8246
1,782,4.44706,27.2512
1,783,4.44706,27.6777
1,784,4.44706,28.1043
1,785,4.44706,28.5308
1,786,4.44706,28.9573
1,787,4.44706,29.3839
1,788,4.44706,29.8104
1,789,4.44706,30.237
1,790,4.44706,30.6635
1,791,4.44706,31.09
1,792,4.44706,31.5166
1,793,4.44706,31.9431
1,794,4.44706,32.3697
1,795,4.44706,32.7962
1,796,4.44706,33.2227
1,797,4.44706,33.6493
1,798,4.44706,34.0758
1,799,4.44706,34.5024
1,800,4.44706,34.9289
1,801,4.44706,35.3555
1,802,4.44706,35.782
1,803,4.44706,36.2085
1,804,4.44706,36.6351
1,805,4.44706,37.0616
1,806,4.44706,37.4882
1,807,4.44706,37.9147
1,808,4.44706,38.3412
1,809,4.44706,38.7678
1,810,4.44706,39.1943
1,811,4.44706,39.6209
1,812,4.44706,40.0474
1,813,4.44706,40.4739
1,814,4.44706,40.9005
1,815,4.44706,41.327
1,816,4.44706,41.7536
1,817,4.44706,42.1801
1,818,4.44706,42.6066
1,819,4.44706,43.0332
1,820,4.44706,43.4597
1,821,4.44706,43.8863
1,822,4.44706,44.3128
1,823,4.44706,44.7393
1,824,4.02353,20
1,825,4.02353,20.4265
1,826,4.02353,20.8531
1,827,4.02353,21.2796
1,828,4.02353,21.7062
1,829,4.02353,22.1327
1,830,4.02353,22.5592
1,831,4.02353,22.9858
1,832,4.02353,23.4123
1,833,4.02353,23.8389
1,834,4.02353,24.2654
1,835,4.02353,24.6919
1,836,4.02353,25.1185
1,837,4.02353,25.545
1,838,4.02353,25.9716
1,839,4.02353,26.3981
1,840,4.02353,26.8246
1,841,4.02353,27.2512
1,842,4.02353,27.6777
1,843,4.02353,28.1043
1,844,4.02353,28.5308
1,845,4.02353,28.9573
1,846,4.02353,29.3839
1,847,4.02353,29.8104
1,848,4.02353,30.237
1,849,4.02353,30.6635
1,850,4.02353,31.09
1,851,4.02353,31.5166
1,852,4.02353,31.9431
1,853,4.02353,32.3697
1,854,4.02353,32.7962
1,855,4.02353,33.2227
1,856,4.02353,33.6493
1,857,4.02353,34.0758
1,858,4.02353,34.5024
1,859,4.02353,34.9289
1,860,4.02353,35.3555
1,861,4.02353,35.782
1,862,4.02353,36.2085
1,863,4.02353,36.6351
1,864,4.02353,37.0616
1,865,4.02353,37.4882
1,866,4.02353,37.9147
1,867,4.02353,38.3412
1,868,4.02353,38.7678
1,869,4.02353,39.1943
1,870,4.02353,39.6209
1,871,4.02353,40.0474
1,872,4.02353,40.4739
1,873,4.02353,40.9005
1,874,4.02353,41.327
1,875,4.02353,41.7536
1,876,4.02353,42.1801
1,877,4.02353,42.6066
1,878,4.02353,43.0332
1,879,4.02353,43.4597
1,880,4.02353,43.8863
1,881,4.02353,44.3128
1,882,4.02353,44.7393
1,883,3.6,20
1,884,3.6,20.426
1,885,3.6,20.8521
1,886,3.6,21.2781
1,887,3.6,21.7041
1,888,3.6,22.1302
1,889,3.6,22.5562
1,890,3.6,22.9822
1,891,3.6,23.4083
1,892,3.6,23.8343
1,893,3.6,24.2604
1,894,3.6,24.6864
1,895,3.6,25.1124
1,896,3.6,25.5385
1,897,3.6,25.9645
1,898,3.6,26.3905
1,899,3.6,26.8166
1,900,3.6,27.2426
1,901,3.6,27.6686
1,902,3.6,28.0947
1,903,3.6,28.5207
1,904,3.6,28.9467
1,905,3.6,29.3728
1,906,3.6,29.7988
1,907,3.6,30.2249
1,908,3.6,30.6509
1,909,3.6,31.0769
1,910,3.6,31.503
1,911,3.6,31.929
1,912,3.6,32.355
1,913,3.6,32.7811
1,914,3.6,33.2071
1,915,3.6,33.6331
1,916,3.6,34.0592
1,917,3.6,34.4852
1,918,3.6,34.9112
1,919,3.6,35.3373
1,920,3.6,35.7633
1,921,3.6,36.1893
1,922,3.6,36.6154
1,923,3.6,37.0414
1,924,3.6,37.4675
1,925,3.6,37.8935
1,926,3.6,38.3195
1,927,3.6,38.7456
1,928,3.6,39.1716
1,929,3.6,39.5976
1,930,3.6,40.0237
1,931,3.6,40.4497
1,932,3.6,40.8757
1,933,3.6,41.3018
1,934,3.6,41.7278
1,935,3.6,42.1538
1,936,3.6,42.5799
1,937,3.6,43.0059
1,938,3.6,43.432
1,939,3.6,43.858
1,940,3.6,44.284
1,941,3.6,44.7101
1,942,3.17647,20
1,943,3.17647,20.426
1,944,3.17647,20.8521
1,945,3.17647,21.2781
1,946,3.17647,21.7041
1,947,3.17647,22.1302
1,948,3.17647,22.5562
1,949,3.17647,22.9822
1,950,3.17647,23.4083
1,951,3.17647,23.8343
1,952,3.17647,24.2604
1,953,3.17647,24.6864
1,954,3.17647,25.1124
1,955,3.17647,25.5385
1,956,3.17647,25.9645
1,957,3.17647,26.3905
1,958,3.17647,26.8166
1,959,3.17647,27.2426
1,960,3.17647,27.6686
1,961,3.17647,28.0947
1,962,3.17647,28.5207
1,963,3.17647,28.9467
1,964,3.17647,29.3728
1,965,3.17647,29.7988
1,966,3.17647,30.2249
1,967,3.17647,30.6509
1,968,3.17647,31.0769
1,969,3.17647,31.503
1,970,3.17647,31.929
1,971,3.17647,32.355
1,972,3.17647,32.7811
1,973,3.17647,33.2071
1,974,3.17647,33.6331
1,975,3.17647,34.0592
1,976,3.17647,34.4852
1,977,3.17647,34.9112
1,978,3.17647,35.3373
1,979,3.17647,35.7633
1,980,3.17647,36.1893
1,981,3.17647,36.6154
1,982,3.17647,37.0414
1,983,3.17647,37.4675
1,984,3.17647,37.8935
1,985,3.17647,38.3195
1,986,3.17647,38.7456
1,987,3.17647,39.1716
1,988,3.17647,39.5976
1,989,3.17647,40.0237
1,990,3.17647,40.4497
1,991,3.17647,40.8757
1,992,3.17647,41.3018
1,993,3.17647,41.7278
1,994,3.17647,42.1538
1,995,3.17647,42.5799
1,996,3.17647,43.0059
1,997,3.17647,43.432
1,998,3.17647,43.858
1,999,3.17647,44.284
1,1000,3.17647,44.7101
1,1001,2.75294,20
1,1002,2.75294,20.426
1,1003,2.75294,20.8521
1,1004,2.75294,21.2781
1,1005,2.75294,21.7041
1,1006,2.75294,22.1302
1,1007,2.75294,22.5562
1,1008,2.75294,22.9822
1,1009,2.75294,23.4083
1,1010,2.75294,23.8343
1,1011,2.75294,24.2604
1,1012,2.75294,24.6864
1,1013,2.75294,25.1124
1,1014,2.75294,25.5385
1,1015,2.75294,25.9645
1,1016,2.75294,26.3905
1,1017,2.75294,26.8166
1,1018,2.75294,27.2426
1,1019,2.75294,27.6686
1,1020,2.75294,28.0947
1,1021,2.75294,28.5207
1,1022,2.75294,28.9467
1,1023,2.75294,29.3728
1,1024,2.75294,29.7988
1,1025,2.75294,30.2249
1,1026,2.75294,30.6509
1,1027,2.75294,31.0769
1,1028,2.75294,31.503
1,1029,2.75294,31.929
1,1030,2.75294,32.355
1,1031,2.75294,32.7811
1,1032,2.75294,33.2071
1,1033,2.75294,33.6331
1,1034,2.75294,34.0592
1,1035,2.75294,34.4852
1,1036,2.75294,34.9112
1,1037,2.75294,35.3373
1,1038,2.75294,35.7633
1,1039,2.75294,36.1893
1,1040,2.75294,36.6154
1,1041,2.75294,37.0414
1,1042,2.75294,37.4675
1,1043,2.75294,37.8935
1,1044,2.75294,38.3195
1,1045,2.75294,38.7456
1,1046,2.75294,39.1716
1,1047,2.75294,39.5976
1,1048,2.75294,40.0237
1,1049,2.75294,40.4497
1,1050,2.75294,40.8757
1,1051,2.75294,41.3018
1,1052,2.75294,41.7278
1,1053,2.75294,42.1538
1,1054,2.75294,42.5799
1,1055,2.75294,43.0059
1,1056,2.75294,43.432
1,1057,2.75294,43.858
1,1058,2.75294,44.284
1,1059,2.75294,44.7101
1,1060,2.32941,20
1,1061,2.32941,20.426
1,1062,2.32941,20.8521
1,1063,2.32941,21.2781
1,1064,2.32941,21.7041
1,1065,2.32941,22.1302
1,1066,2.32941,22.5562
1,1067,2.32941,22.9822
1,1068,2.32941,23.4083
1,1069,2.32941,23.8343
1,1070,2.32941,24.2604
1,1071,2.32941,24.6864
1,1072,2.32941,25.1124
1,1073,2.32941,25.5385
1,1074,2.32941,25.9645
1,1075,2.32941,26.3905
1,1076,2.32941,26.8166
1,1077,2.32941,27.2426
1,1078,2.32941,27.6686
1,1079,2.32941,28.0947
1,1080,2.32941,28.5207
1,1081,2.32941,28.9467
1,1082,2.32941,29.3728
1,1083,2.32941,29.7988
1,1084,2.32941,30.2249
1,1085,2.32941,30.6509
1,1086,2.32941,31.0769
1,1087,2.32941,31.503
1,1088,2.32941,31.929
1,1089,2.32941,32.355
1,1090,2.32941,32.7811
1,1091,2.32941,33.2071
1,1092,2.32941,33.6331
1,1093,2.32941,34.0592
1,1094,2.32941,34.4852
1,1095,2.32941,34.9112
1,1096,2.32941,35.3373
1,1097,2.32941,35.7633
1,1098,2.32941,36.1893
1,1099,2.32941,36.6154
1,1100,2.32941,37.0414
1,1101,2.32941,37.4675
1,1102,2.32941,37.8935
1,1103,2.32941,38.3195
1,1104,2.32941,38.7456
1,1105,2.32941,39.1716
1,1106,2.32941,39.5976
1,1107,2.32941,40.0237
1,1108,2.32941,40.4497
1,1109,2.32941,40.8757
1,1110,2.32941,41.3018
1,1111,2.32941,41.7278
1,1112,2.32941,42.1538
1,1113,2.32941,42.5799
1,1114,2.32941,43.0059
1,1115,2.32941,43.432
1,1116,2.32941,43.858
1,1117,2.32941,44.284
1,1118,2.32941,44.7101
1,1119,1.90588,20
1,1120,1.90588,20.4255
1,1121,1.90588,20.8511
1,1122,1.90588,21.2766
1,1123,1.90588,21.7021
1,1124,1.90588,22.1277
1,1125,1.90588,22.5532
1,1126,1.90588,22.9787
1,1127,1.90588,23.4043
1,1128,1.90588,23.8298
1,1129,1.90588,24.2553
1,1130,1.90588,24.6809
1,1131,1.90588,25.1064
1,1132,1.90588,25.5319
1,1133,1.90588,25.9574
1,1134,1.90588,26.383
1,1135,1.90588,26.8085
1,1136,1.90588,27.234
1,1137,1.90588,27.6596
1,1138,1.90588,28.0851
1,1139,1.90588,28.5106
1,1140,1.90588,28.9362
1,1141,1.90588,29.3617
1,1142,1.90588,29.7872
1,1143,1.90588,30.2128
1,1144,1.90588,30.6383
1,1145,1.90588,31.0638
1,1146,1.90588,31.4894
1,1147,1.90588,31.9149
1,1148,1.90588,32.3404
1,1149,1.90588,32.766
1,1150,1.90588,33.1915
1,1151,1.90588,33.617
1,1152,1.90588,34.0426
1,1153,1.90588,34.4681
1,1154,1.90588,34.8936
1,1155,1.90588,35.3191
1,1156,1.90588,35.7447
1,1157,1.90588,36.1702
1,1158,1.90588,36.5957
1,1159,1.90588,37.0213
1,1160,1.90588,37.4468
1,1161,1.90588,37.8723
1,1162,1.90588,38.2979
1,1163,1.90588,38.7234
1,1164,1.90588,39.1489
1,1165,1.90588,39.5745
1,1166,1.90588,40
1,1167,1.90588,40.4255
1,1168,1.90588,40.8511
1,1169,1.90588,41.2766
1,1170,1.90588,41.7021
1,1171,1.90588,42.1277
1,1172,1.90588,42.5532
1,1173,1.90588,42.9787
1,1174,1.90588,43.4043
1,1175,1.90588,43.8298
1,1176,1.90588,44.2553
1,1177,1.90588,44.6809
1,1178,1.48235,20
1,1179,1.48235,20.4255
1,1180,1.48235,20.8511
1,1181,1.48235,21.2766
1,1182,1.48235,21.7021
1,1183,1.48235,22.1277
1,1184,1.48235,22.5532
1,1185,1.48235,22.9787
1,1186,1.48235,23.4043
1,1187,1.48235,23.8298
1,1188,1.48235,24.2553
1,1189,1.48235,24.6809
1,1190,1.48235,25.1064
1,1191,1.48235,25.5319
1,1192,1.48235,25.9574
1,1193,1.48235,26.383
1,1194,1.48235,26.8085
1,1195,1.48235,27.234
1,1196,1.48235,27.6596
1,1197,1.48235,28.0851
1,1198,1.48235,28.5106
1,1199,1.48235,28.9362
1,1200,1.48235,29.3617
1,1201,1.48235,29.7872
1,1202,1.48235,30.2128
1,1203,1.48235,30.6383
1,1204,1.48235,31.0638
1,1205,1.48235,31.4894
1,1206,1.48235,31.9149
1,1207,1.48235,32.3404
1,1208,1.48235,32.766
1,1209,1.48235,33.1915
1,1210,1.48235,33.617
1,1211,1.48235,34.0426
1,1212,1.48235,34.4681
1,1213,1.48235,34.8936
1,1214,1.48235,35.3191
1,1215,1.48235,35.7447
1,1216,1.48235,36.1702
1,1217,1.48235,36.5957
1,1218,1.48235,37.0213
1,1219,1.48235,37.4468
1,1220,1.48235,37.8723
1,1221,1.48235,38.2979
1,1222,1.48235,38.7234
1,1223,1.48235,39.1489
1,1224,1.48235,39.5745
1,1225,1.48235,40
1,1226,1.48235,40.4255
1,1227,1.48235,40.8511
1,1228,1.48235,41.2766
1,1229,1.48235,41.7021
1,1230,1.48235,42.1277
1,1231,1.48235,42.5532
1,1232,1.48235,42.9787
1,1233,1.48235,43.4043
1,1234,1.48235,43.8298
1,1235,1.48235,44.2553
1,1236,1.48235,44.6809
1,1237,1.05882,20
1,1238,1.05882,20.4255
1,1239,1.05882,20.8511
1,1240,1.05882,21.2766
1,1241,1.05882,21.7021
1,1242,1.05882,22.1277
1,1243,1.05882,22.5532
1,1244,1.05882,22.9787
1,1245,1.05882,23.4043
1,1246,1.05882,23.8298
1,1247,1.05882,24.2553
1,1248,1.05882,24.6809
1,1249,1.05882,25.1064
1,1250,1.05882,25.5319
1,1251,1.05882,25.9574
1,1252,1.05882,26.383
1,1253,1.05882,26.8085
1,1254,1.05882,27.234
1,1255,1.05882,27.6596
1,1256,1.05882,28.0851
1,1257,1.05882,28.5106
1,1258,1.05882,28.9362
1,1259,1.05882,29.3617
1,1260,1.05882,29.7872
1,1261,1.05882,30.2128
1,1262,1.05882,30.6383
1,1263,1.05882,31.0638
1,1264,1.05882,31.4894
1,1265,1.05882,31.9149
1,1266,1.05882,32.3404
1,1267,1.05882,32.766
1,1268,1.05882,33.1915
1,1269,1.05882,33.617
1,1270,1.05882,34.0426
1,1271,1.05882,34.4681
1,1272,1.05882,34.8936
1,1273,1.05882,35.3191
1,1274,1.05882,35.7447
1,1275,1.05882,36.1702
1,1276,1.05882,36.5957
1,1277,1.05882,37.0213
1,1278,1.05882,37.4468
1,1279,1.05882,37.8723
1,1280,1.05882,38.2979
1,1281,1.05882,38.7234
1,1282,1.05882,39.1489
1,1283,1.05882,39.5745
1,1284,1.05882,40
1,1285,1.05882,40.4255
1,1286,1.05882,40.8511
1,1287,1.05882,41.2766
1,1288,1.05882,41.7021
1,1289,1.05882,42.1277
1,1290,1.05882,42.5532
1,1291,1.05882,42.9787
1,1292,1.05882,43.4043
1,1293,1.05882,43.8298
1,1294,1.05882,44.2553
1,1295,1.05882,44.6809
2,1296,-49.7647,20
2,1297,-49.7647,20.6581
2,1298,-49.7647,21.3163
2,1299,-49.7647,21.9744
2,1300,-49.7647,22.6325
2,1301,-49.7647,23.2907
2,1302,-49.7647,23.9488
2,1303,-49.7647,24.6069
2,1304,-49.7647,25.2651
2,1305,-49.7647,25.9232
2,1306,-49.7647,26.5814
2,1307,-49.7647,27.2395
2,1308,-49.7647,27.8976
2,1309,-49.7647,28.5558
2,1310,-49.7647,29.2139
2,1311,-49.7647,29.872
2,1312,-49.7647,30.5302
2,1313,-49.7647,31.1883
2,1314,-49.7647,31.8464
2,1315,-49.7647,32.5046
2,1316,-49.7647,33.1627
2,1317,-49.7647,33.8208
2,1318,-49.7647,34.479
2,1319,-49.7647,35.1371
2,1320,-49.7647,35.7952
2,1321,-49.7647,36.4534
2,1322,-49.7647,37.1115
2,1323,-49.7647,37.7697
2,1324,-49.7647,38.4278
2,1325,-49.7647,39.0859
2,1326,-49.7647,39.7441
2,1327,-49.7647,40.4022
2,1328,-49.7647,41.0603
2,1329,-49.7647,41.7185
2,1330,-49.7647,42.3766
2,1331,-49.7647,43.0347
2,1332,-49.7647,43.6929
2,1333,-49.7647,44.351
2,1334,-49.3412,20
2,1335,-49.3412,20.6534
2,1336,-49.3412,21.3067
2,1337,-49.3412,21.9601
2,1338,-49.3412,22.6134
2,1339,-49.3412,23.2668
2,1340,-49.3412,23.9201
2,1341,-49.3412,24.5735
2,1342,-49.3412,25.2269
2,1343,-49.3412,25.8802
2,1344,-49.3412,26.5336
2,1345,-49.3412,27.1869
2,1346,-49.3412,27.8403
2,1347,-49.3412,28.4936
2,1348,-49.3412,29.147
2,1349,-49.3412,29.8004
2,1350,-49.3412,30.4537
2,1351,-49.3412,31.1071
2,1352,-49.3412,31.7604
2,1353,-49.3412,32.4138
2,1354,-49.3412,33.0672
2,1355,-49.3412,33.7205
2,1356,-49.3412,34.3739
2,1357,-49.3412,35.0272
2,1358,-49.3412,35.6806
2,1359,-49.3412,36.3339
2,1360,-49.3412,36.9873
2,1361,-49.3412,37.6407
2,1362,-49.3412,38.294
2,1363,-49.3412,38.9474
2,1364,-49.3412,39.6007
2,1365,-49.3412,40.2541
2,1366,-49.3412,40.9074
2,1367,-49.3412,41.5608
2,1368,-49.3412,42.2142
2,1369,-49.3412,42.8675
2,1370,-49.3412,43.5209
2,1371,-49.3412,44.1742
2,1372,-49.3412,44.8276
2,1373,-48.9176,20
2,1374,-48.9176,20.6475
2,1375,-48.9176,21.295
2,1376,-48.9176,21.9424
2,1377,-48.9176,22.5899
2,1378,-48.9176,23.2374
2,1379,-48.9176,23.8849
2,1380,-48.9176,24.5324
2,1381,-48.9176,25.1799
2,1382,-48.9176,25.8273
2,1383,-48.9176,26.4748
2,1384,-48.9176,27.1223
2,1385,-48.9176,27.7698
2,1386,-48.9176,28.4173
2,1387,-48.9176,29.0647
2,1388,-48.9176,29.7122
2,1389,-48.9176,30.3597
2,1390,-48.9176,31.0072
2,1391,-48.9176,31.6547
2,1392,-48.9176,32.3022
2,1393,-48.9176,32.9496
2,1394,-48.9176,33.5971
2,1395,-48.9176,34.2446
2,1396,-48.9176,34.8921
2,1397,-48.9176,35.5396
2,1398,-48.9176,36.1871
2,1399,-48.9176,36.8345
2,1400,-48.9176,37.482
2,1401,-48.9176,38.1295
2,1402,-48.9176,38.777
2,1403,-48.9176,39.4245
2,1404,-48.9176,40.0719
2,1405,-48.9176,40.7194
2,1406,-48.9176,41.3669
2,1407,-48.9176,42.0144
2,1408,-48.9176,42.6619
2,1409,-48.9176,43.3094
2,1410,-48.9176,43.9568
2,1411,-48.9176,44.6043
2,1412,-48.4941,20
2,1413,-48.4941,20.6417
2,1414,-48.4941,21.2834
2,1415,-48.4941,21.9251
2,1416,-48.4941,22.5668
2,1417,-48.4941,23.2086
2,1418,-48.4941,23.8503
2,1419,-48.4941,24.492
2,1420,-48.4941,25.1337
2,1421,-48.4941,25.7754
2,1422,-48.4941,26.4171
2,1423,-48.4941,27.0588
2,1424,-48.4941,27.7005
2,1425,-48.4941,28.3422
2,1426,-48.4941,28.984
2,1427,-48.4941,29.6257
2,1428,-48.4941,30.2674
2,1429,-48.4941,30.9091
2,1430,-48.4941,31.5508
2,1431,-48.4941,32.1925
2,1432,-48.4941,32.8342
2,1433,-48.4941,33.4759
2,1434,-48.4941,34.1176
2,1435,-48.4941,34.7594
2,1436,-48.4941,35.4011
2,1437,-48.4941,36.0428
2,1438,-48.4941,36.6845
2,1439,-48.4941,37.3262
2,1440,-48.4941,37.9679
2,1441,-48.4941,38.6096
2,1442,-48.4941,39.2513
2,1443,-48.4941,39.893
2,1444,-48.4941,40.5348
2,1445,-48.4941,41.1765
2,1446,-48.4941,41.8182
2,1447,-48.4941,42.4599
2,1448,-48.4941,43.1016
2,1449,-48.4941,43.7433
2,1450,-48.4941,44.385
2,1451,-48.0706,20
2,1452,-48.0706,20.6372
2,1453,-48.0706,21.2743
2,1454,-48.0706,21.9115
2,1455,-48.0706,22.5487
2,1456,-48.0706,23.1858
2,1457,-48.0706,23.823
2,1458,-48.0706,24.4602
2,1459,-48.0706,25.0973
2,1460,-48.0706,25.7345
2,1461,-48.0706,26.3717
2,1462,-48.0706,27.0088
2,1463,-48.0706,27.646
2,1464,-48.0706,28.2832
2,1465,-48.0706,28.9204
2,1466,-48.0706,29.5575
2,1467,-48.0706,30.1947
2,1468,-48.0706,30.8319
2,1469,-48.0706,31.469
2,1470,-48.0706,32.1062
2,1471,-48.0706,32.7434
2,1472,-48.0706,33.3805
2,1473,-48.0706,34.0177
2,1474,-48.0706,34.6549
2,1475,-48.0706,35.292
2,1476,-48.0706,35.9292
2,1477,-48.0706,36.5664
2,1478,-48.0706,37.2035
2,1479,-48.0706,37.8407
2,1480,-48.0706,38.4779
2,1481,-48.0706,39.115
2,1482,-48.0706,39.7522
2,1483,-48.0706,40.3894
2,1484,-48.0706,41.0265
2,1485,-48.0706,41.6637
2,1486,-48.0706,42.3009
2,1487,-48.0706,42.9381
2,1488,-48.0706,43.5752
2,1489,-48.0706,44.2124
2,1490,-48.0706,44.8496
2,1491,-47.6471,20
2,1492,-47.6471,20.6316
2,1493,-47.6471,21.2632
2,1494,-47.6471,21.8947
2,1495,-47.6471,22.5263
2,1496,-47.6471,23.1579
2,1497,-47.6471,23.7895
2,1498,-47.6471,24.4211
2,1499,-47.6471,25.0526
2,1500,-47.6471,25.6842
2,1501,-47.6471,26.3158
2,1502,-47.6471,26.9474
2,1503,-47.6471,27.5789
2,1504,-47.6471,28.2105
2,1505,-47.6471,28.8421
2,1506,-47.6471,29.4737
2,1507,-47.6471,30.1053
2,1508,-47.6471,30.7368
2,1509,-47.6471,31.3684
2,1510,-47.6471,32
2,1511,-47.6471,32.6316
2,1512,-47.6471,33.2632
2,1513,-47.6471,33.8947
2,1514,-47.6471,34.5263
2,1515,-47.6471,35.1579
2,1516,-47.6471,35.7895
2,1517,-47.6471,36.4211
2,1518,-47.6471,37.0526
2,1519,-47.6471,37.6842
2,1520,-47.6471,38.3158
2,1521,-47.6471,38.9474
2,1522,-47.6471,39.5789
2,1523,-47.6471,40.2105
2,1524,-47.6471,40.8421
2,1525,-47.6471,41.4737
2,1526,-47.6471,42.1053
2,1527,-47.6471,42.7368
2,1528,-47.6471,43.3684
2,1529,-47.6471,44
2,1530,-47.6471,44.6316
2,1531,-47.2235,20
2,1532,-47.2235,20.6261
2,1533,-47.2235,21.2522
2,1534,-47.2235,21.8783
2,1535,-47.2235,22.5043
2,1536,-47.2235,23.1304
2,1537,-47.2235,23.7565
2,1538,-47.2235,24.3826
2,1539,-47.2235,25.0087
2,1540,-47.2235,25.6348
2,1541,-47.2235,26.2609
2,1542,-47.2235,26.887
2,1543,-47.2235,27.513
2,1544,-47.2235,28.1391
2,1545,-47.2235,28.7652
2,1546,-47.2235,29.3913
2,1547,-47.2235,30.0174
2,1548,-47.2235,30.6435
2,1549,-47.2235,31.2696
2,1550,-47.2235,31.8957
2,1551,-47.2235,32.5217
2,1552,-47.2235,33.1478
2,1553,-47.2235,33.7739
2,1554,-47.2235,34.4
2,1555,-47.2235,35.0261
2,1556,-47.2235,35.6522
2,1557,-47.2235,36.2783
2,1558,-47.2235,36.9043
2,1559,-47.2235,37.5304
2,1560,-47.2235,38.1565
2,1561,-47.2235,38.7826
2,1562,-47.2235,39.4087
2,1563,-47.2235,40.0348
2,1564,-47.2235,40.6609
2,1565,-47.2235,41.287
2,1566,-47.2235,41.913
2,1567,-47.2235,42.5391
2,1568,-47.2235,43.1652
2,1569,-47.2235,43.7913
2,1570,-47.2235,44.4174
2,1571,-46.8,20
2,1572,-46.8,20.6218
2,1573,-46.8,21.2435
2,1574,-46.8,21.8653
2,1575,-46.8,22.487
2,1576,-46.8,23.1088
2,1577,-46.8,23.7306
2,1578,-46.8,24.3523
2,1579,-46.8,24.9741
2,1580,-46.8,25.5959
2,1581,-46.8,26.2176
2,1582,-46.8,26.8394
2,1583,-46.8,27.4611
2,1584,-46.8,28.0829
2,1585,-46.8,28.7047
2,1586,-46.8,29.3264
2,1587,-46.8,29.9482
2,1588,-46.8,30.5699
2,1589,-46.8,31.1917
2,1590,-46.8,31.8135
2,1591,-46.8,32.4352
2,1592,-46.8,33.057
2,1593,-46.8,33.6788
2,1594,-46.8,34.3005
2,1595,-46.8,34.9223
2,1596,-46.8,35.544
2,1597,-46.8,36.1658
2,1598,-46.8,36.7876
2,1599,-46.8,37.4093
2,1600,-46.8,38.0311
2,1601,-46.8,38.6528
2,1602,-46.8,39.2746
2,1603,-46.8,39.8964
2,1604,-46.8,40.5181
2,1605,-46.8,41.1399
2,1606,-46.8,41.7617
2,1607,-46.8,42.3834
2,1608,-46.8,43.0052
2,1609,-46.8,43.6269
2,1610,-46.8,44.2487
2,1611,-46.8,44.8705
2,1612,-46.3765,20
2,1613,-46.3765,20.6164
2,1614,-46.3765,21.2329
2,1615,-46.3765,21.8493
2,1616,-46.3765,22.4658
2,1617,-46.3765,23.0822
2,1618,-46.3765,23.6986
2,1619,-46.3765,24.3151
2,1620,-46.3765,24.9315
2,1621,-46.3765,25.5479
2,1622,-46.3765,26.1644
2,1623,-46.3765,26.7808
2,1624,-46.3765,27.3973
2,1625,-46.3765,28.0137
2,1626,-46.3765,28.6301
2,1627,-46.3765,29.2466
2,1628,-46.3765,29.863
2,1629,-46.3765,30.4795
2,1630,-46.3765,31.0959
2,1631,-46.3765,31.7123
2,1632,-46.3765,32.3288
2,1633,-46.3765,32.9452
2,1634,-46.3765,33.5616
2,1635,-46.3765,34.1781
2,1636,-46.3765,34.7945
2,1637,-46.3765,35.411
2,1638,-46.3765,36.0274
2,1639,-46.3765,36.6438
2,1640,-46.3765,37.2603
2,1641,-46.3765,37.8767
2,1642,-46.3765,38.4932
2,1643,-46.3765,39.1096
2,1644,-46.3765,39.726
2,1645,-46.3765,40.3425
2,1646,-46.3765,40.9589
2,1647,-46.3765,41.5753
2,1648,-46.3765,42.1918
2,1649,-46.3765,42.8082
2,1650,-46.3765,43.4247
2,1651,-46.3765,44.0411
2,1652,-46.3765,44.6575
2,1653,-45.9529,20
2,1654,-45.9529,20.6122
2,1655,-45.9529,21.2245
2,1656,-45.9529,21.8367
2,1657,-45.9529,22.449
2,1658,-45.9529,23.0612
2,1659,-45.9529,23.6735
2,1660,-45.9529,24.2857
2,1661,-45.9529,24.898
2,1662,-45.9529,25.5102
2,1663,-45.9529,26.1224
2,1664,-45.9529,26.7347
2,1665,-45.9529,27.3469
2,1666,-45.9529,27.9592
2,1667,-45.9529,28.5714
2,1668,-45.9529,29.1837
2,1669,-45.9529,29.7959
2,1670,-45.9529,30.4082
2,1671,-45.9529,31.0204
2,1672,-45.9529,31.6327
2,1673,-45.9529,32.2449
2,1674,-45.9529,32.8571
2,1675,-45.9529,33.4694
2,1676,-45.9529,34.0816
2,1677,-45.9529,34.6939
2,1678,-45.9529,35.3061
2,1679,-45.9529,35.9184
2,1680,-45.9529,36.5306
2,1681,-45.9529,37.1429
2,1682,-45.9529,37.7551
2,1683,-45.9529,38.3673
2,1684,-45.9529,38.9796
2,1685,-45.9529,39.5918
2,1686,-45.9529,40.2041
2,1687,-45.9529,40.8163
2,1688,-45.9529,41.4286
2,1689,-45.9529,42.0408
2,1690,-45.9529,42.6531
2,1691,-45.9529,43.2653
2,1692,-45.9529,43.8776
2,1693,-45.9529,44.4898
2,1694,-45.5294,20
2,1695,-45.5294,20.6071
2,1696,-45.5294,21.2142
2,1697,-45.5294,21.8212
2,1698,-45.5294,22.4283
2,1699,-45.5294,23.0354
2,1700,-45.5294,23.6425
2,1701,-45.5294,24.2496
2,1702,-45.5294,24.8567
2,1703,-45.5294,25.4637
2,1704,-45.5294,26.0708
2,1705,-45.5294,26.6779
2,1706,-45.5294,27.285
2,1707,-45.5294,27.8921
2,1708,-45.5294,28.4992
2,1709,-45.5294,29.1062
2,1710,-45.5294,29.7133
2,1711,-45.5294,30.3204
2,1712,-45.5294,30.9275
2,1713,-45.5294,31.5346
2,1714,-45.5294,32.1417
2,1715,-45.5294,32.7487
2,1716,-45.5294,33.3558
2,1717,-45.5294,33.9629
2,1718,-45.5294,34.57
2,1719,-45.5294,35.1771
2,1720,-45.5294,35.7841
2,1721,-45.5294,36.3912
2,1722,-45.5294,36.9983
2,1723,-45.5294,37.6054
2,1724,-45.5294,38.2125
2,1725,-45.5294,38.8196
2,1726,-45.5294,39.4266
2,1727,-45.5294,40.0337
2,1728,-45.5294,40.6408
2,1729,-45.5294,41.2479
2,1730,-45.5294,41.855
2,1731,-45.5294,42.4621
2,1732,-45.5294,43.0691
2,1733,-45.5294,43.6762
2,1734,-45.5294,44.2833
2,1735,-45.5294,44.8904
2,1736,-45.1059,20
2,1737,-45.1059,20.603
2,1738,-45.1059,21.206
2,1739,-45.1059,21.809
2,1740,-45.1059,22.4121
2,1741,-45.1059,23.0151
2,1742,-45.1059,23.6181
2,1743,-45.1059,24.2211
2,1744,-45.1059,24.8241
2,1745,-45.1059,25.4271
2,1746,-45.1059,26.0302
2,1747,-45.1059,26.6332
2,1748,-45.1059,27.2362
2,1749,-45.1059,27.8392
2,1750,-45.1059,28.4422
2,1751,-45.1059,29.0452
2,1752,-45.1059,29.6482
2,1753,-45.1059,30.2513
2,1754,-45.1059,30.8543
2,1755,-45.1059,31.4573
2,1756,-45.1059,32.0603
2,1757,-45.1059,32.6633
2,1758,-45.1059,33.2663
2,1759,-45.1059,33.8693
2,1760,-45.1059,34.4724
2,1761,-45.1059,35.0754
2,1762,-45.1059,35.6784
2,1763,-45.1059,36.2814
2,1764,-45.1059,36.8844
2,1765,-45.1059,37.4874
2,1766,-45.1059,38.0905
2,1767,-45.1059,38.6935
2,1768,-45.1059,39.2965
2,1769,-45.1059,39.8995
2,1770,-45.1059,40.5025
2,1771,-45.1059,41.1055
2,1772,-45.1059,41.7085
2,1773,-45.1059,42.3116
2,1774,-45.1059,42.9146
2,1775,-45.1059,43.5176
2,1776,-45.1059,44.1206
2,1777,-45.1059,44.7236
2,1778,-44.6824,20
2,1779,-44.6824,20.598
2,1780,-44.6824,21.196
2,1781,-44.6824,21.794
2,1782,-44.6824,22.392
2,1783,-44.6824,22.99
2,1784,-44.6824,23.588
2,1785,-44.6824,24.186
2,1786,-44.6824,24.7841
2,1787,-44.6824,25.3821
2,1788,-44.6824,25.9801
2,1789,-44.6824,26.5781
2,1790,-44.6824,27.1761
2,1791,-44.6824,27.7741
2,1792,-44.6824,28.3721
2,1793,-44.6824,28.9701
2,1794,-44.6824,29.5681
2,1795,-44.6824,30.1661
2,1796,-44.6824,30.7641
2,1797,-44.6824,31.3621
2,1798,-44.6824,31.9601
2,1799,-44.6824,32.5581
2,1800,-44.6824,33.1561
2,1801,-44.6824,33.7542
2,1802,-44.6824,34.3522
2,1803,-44.6824,34.9502
2,1804,-44.6824,35.5482
2,1805,-44.6824,36.1462
2,1806,-44.6824,36.7442
2,1807,-44.6824,37.3422
2,1808,-44.6824,37.9402
2,1809,-44.6824,38.5382
2,1810,-44.6824,39.1362
2,1811,-44.6824,39.7342
2,1812,-44.6824,40.3322
2,1813,-44.6824,40.9302
2,1814,-44.6824,41.5282
2,1815,-44.6824,42.1262
2,1816,-44.6824,42.7243
2,1817,-44.6824,43.3223
2,1818,-44.6824,43.9203
2,1819,-44.6824,44.5183
2,1820,-44.2588,20
2,1821,-44.2588,20.5941
2,1822,-44.2588,21.1881
2,1823,-44.2588,21.7822
2,1824,-44.2588,22.3762
2,1825,-44.2588,22.9703
2,1826,-44.2588,23.5644
2,1827,-44.2588,24.1584
2,1828,-44.2588,24.7525
2,1829,-44.2588,25.3465
2,1830,-44.2588,25.9406
2,1831,-44.2588,26.5347
2,1832,-44.2588,27.1287
2,1833,-44.2588,27.7228
2,1834,-44.2588,28.3168
2,1835,-44.2588,28.9109
2,1836,-44.2588,29.505
2,1837,-44.2588,30.099
2,1838,-44.2588,30.6931
2,1839,-44.2588,31.2871
2,1840,-44.2588,31.8812
2,1841,-44.2588,32.4752
2,1842,-44.2588,33.0693
2,1843,-44.2588,33.6634
2,1844,-44.2588,34.2574
2,1845,-44.2588,34.8515
2,1846,-44.2588,35.4455
2,1847,-44.2588,36.0396
2,1848,-44.2588,36.6337
2,1849,-44.2588,37.2277
2,1850,-44.2588,37.8218
2,1851,-44.2588,38.4158
2,1852,-44.2588,39.0099
2,1853,-44.2588,39.604
2,1854,-44.2588,40.198
2,1855,-44.2588,40.7921
2,1856,-44.2588,41.3861
2,1857,-44.2588,41.9802
2,1858,-44.2588,42.5743
2,1859,-44.2588,43.1683
2,1860,-44.2588,43.7624
2,1861,-44.2588,44.3564
2,1862,-44.2588,44.9505
2,1863,-43.8353,20
2,1864,-43.8353,20.5902
2,1865,-43.8353,21.1803
2,1866,-43.8353,21.7705
2,1867,-43.8353,22.3607
2,1868,-43.8353,22.9508
2,1869,-43.8353,23.541
2,1870,-43.8353,24.1311
2,1871,-43.8353,24.7213
2,1872,-43.8353,25.3115
2,1873,-43.8353,25.9016
2,1874,-43.8353,26.4918
2,1875,-43.8353,27.082
2,1876,-43.8353,27.6721
2,1877,-43.8353,28.2623
2,1878,-43.8353,28.8525
2,1879,-43.8353,29.4426
2,1880,-43.8353,30.0328
2,1881,-43.8353,30.623
2,1882,-43.8353,31.2131
2,1883,-43.8353,31.8033
2,1884,-43.8353,32.3934
2,1885,-43.8353,32.9836
2,1886,-43.8353,33.5738
2,1887,-43.8353,34.1639
2,1888,-43.8353,34.7541
2,1889,-43.8353,35.3443
2,1890,-43.8353,35.9344
2,1891,-43.8353,36.5246
2,1892,-43.8353,37.1148
2,1893,-43.8353,37.7049
2,1894,-43.8353,38.2951
2,1895,-43.8353,38.8852
2,1896,-43.8353,39.4754
2,1897,-43.8353,40.0656
2,1898,-43.8353,40.6557
2,1899,-43.8353,41.2459
2,1900,-43.8353,41.8361
2,1901,-43.8353,42.4262
2,1902,-43.8353,43.0164
2,1903,-43.8353,43.6066
2,1904,-43.8353,44.1967
2,1905,-43.8353,44.7869
2,1906,-43.4118,20
2,1907,-43.4118,20.5854
2,1908,-43.4118,21.1707
2,1909,-43.4118,21.7561
2,1910,-43.4118,22.3415
2,1911,-43.4118,22.9268
2,1912,-43.4118,23.5122
2,1913,-43.4118,24.0976
2,1914,-43.4118,24.6829
2,1915,-43.4118,25.2683
2,1916,-43.4118,25.8537
2,1917,-43.4118,26.439
2,1918,-43.4118,27.0244
2,1919,-43.4118,27.6098
2,1920,-43.4118,28.1951
2,1921,-43.4118,28.7805
2,1922,-43.4118,29.3659
2,1923,-43.4118,29.9512
2,1924,-43.4118,30.5366
2,1925,-43.4118,31.122
2,1926,-43.4118,31.7073
2,1927,-43.4118,32.2927
2,1928,-43.4118,32.878
2,1929,-43.4118,33.4634
2,1930,-43.4118,34.0488
2,1931,-43.4118,34.6341
2,1932,-43.4118,35.2195
2,1933,-43.4118,35.8049
2,1934,-43.4118,36.3902
2,1935,-43.4118,36.9756
2,1936,-43.4118,37.561
2,1937,-43.4118,38.1463
2,1938,-43.4118,38.7317
2,1939,-43.4118,39.3171
2,1940,-43.4118,39.9024
2,1941,-43.4118,40.4878
2,1942,-43.4118,41.0732
2,1943,-43.4118,41.6585
2,1944,-43.4118,42.2439
2,1945,-43.4118,42.8293
2,1946,-43.4118,43.4146
2,1947,-43.4118,44
2,1948,-43.4118,44.5854
2,1949,-42.9882,20
2,1950,-42.9882,20.5816
2,1951,-42.9882,21.1632
2,1952,-42.9882,21.7447
2,1953,-42.9882,22.3263
2,1954,-42.9882,22.9079
2,1955,-42.9882,23.4895
2,1956,-42.9882,24.0711
2,1957,-42.9882,24.6527
2,1958,-42.9882,25.2342
2,1959,-42.9882,25.8158
2,1960,-42.9882,26.3974
2,1961,-42.9882,26.979
2,1962,-42.9882,27.5606
2,1963,-42.9882,28.1422
2,1964,-42.9882,28.7237
2,1965,-42.9882,29.3053
2,1966,-42.9882,29.8869
2,1967,-42.9882,30.4685
2,1968,-42.9882,31.0501
2,1969,-42.9882,31.6317
2,1970,-42.9882,32.2132
2,1971,-42.9882,32.7948
2,1972,-42.9882,33.3764
2,1973,-42.9882,33.958
2,1974,-42.9882,34.5396
2,1975,-42.9882,35.1212
2,1976,-42.9882,35.7027
2,1977,-42.9882,36.2843
2,1978,-42.9882,36.8659
2,1979,-42.9882,37.4475
2,1980,-42.9882,38.0291
2,1981,-42.9882,38.6107
2,1982,-42.9882,39.1922
2,1983,-42.9882,39.7738
2,1984,-42.9882,40.3554
2,1985,-42.9882,40.937
2,1986,-42.9882,41.5186
2,1987,-42.9882,42.1002
2,1988,-42.9882,42.6817
2,1989,-42.9882,43.2633
2,1990,-42.9882,43.8449
2,1991,-42.9882,44.4265
2,1992,-42.5647,20
2,1993,-42.5647,20.5778
2,1994,-42.5647,21.1557
2,1995,-42.5647,21.7335
2,1996,-42.5647,22.3114
2,1997,-42.5647,22.8892
2,1998,-42.5647,23.4671
2,1999,-42.5647,24.0449
2,2000,-42.5647,24.6228
2,2001,-42.5647,25.2006
2,2002,-42.5647,25.7785
2,2003,-42.5647,26.3563
2,2004,-42.5647,26.9342
2,2005,-42.5647,27.512
2,2006,-42.5647,28.0899
2,2007,-42.5647,28.6677
2,2008,-42.5647,29.2456
2,2009,-42.5647,29.8234
2,2010,-42.5647,30.4013
2,2011,-42.5647,30.9791
2,2012,-42.5647,31.557
2,2013,-42.5647,32.1348
2,2014,-42.5647,32.7127
2,2015,-42.5647,33.2905
2,2016,-42.5647,33.8684
2,2017,-42.5647,34.4462
2,2018,-42.5647,35.0241
2,2019,-42.5647,35.6019
2,2020,-42.5647,36.1798
2,2021,-42.5647,36.7576
2,2022,-42.5647,37.3355
2,2023,-42.5647,37.9133
2,2024,-42.5647,38.4912
2,2025,-42.5647,39.069
2,2026,-42.5647,39.6469
2,2027,-42.5647,40.2247
2,2028,-42.5647,40.8026
2,2029,-42.5647,41.3804
2,2030,-42.5647,41.9583
2,2031,-42.5647,42.5361
2,2032,-42.5647,43.114
2,2033,-42.5647,43.6918
2,2034,-42.5647,44.2697
2,2035,-42.5647,44.8475
2,2036,-42.1412,20
2,2037,-42.1412,20.5742
2,2038,-42.1412,21.1483
2,2039,-42.1412,21.7225
2,2040,-42.1412,22.2967
2,2041,-42.1412,22.8708
2,2042,-42.1412,23.445
2,2043,-42.1412,24.0191
2,2044,-42.1412,24.5933
2,2045,-42.1412,25.1675
2,2046,-42.1412,25.7416
2,2047,-42.1412,26.3158
2,2048,-42.1412,26.89
2,2049,-42.1412,27.4641
2,2050,-42.1412,28.0383
2,2051,-42.1412,28.6124
2,2052,-42.1412,29.1866
2,2053,-42.1412,29.7608
2,2054,-42.1412,30.3349
2,2055,-42.1412,30.9091
2,2056,-42.1412,31.4833
2,2057,-42.1412,32.0574
2,2058,-42.1412,32.6316
2,2059,-42.1412,33.2057
2,2060,-42.1412,33.7799
2,2061,-42.1412,34.3541
2,2062,-42.1412,34.9282
2,2063,-42.1412,35.5024
2,2064,-42.1412,36.0766
2,2065,-42.1412,36.6507
2,2066,-42.1412,37.2249
2,2067,-42.1412,37.799
2,2068,-42.1412,38.3732
2,2069,-42.1412,38.9474
2,2070,-42.1412,39.5215
2,2071,-42.1412,40.0957
2,2072,-42.1412,40.6699
2,2073,-42.1412,41.244
2,2074,-42.1412,41.8182
2,2075,-42.1412,42.3923
2,2076,-42.1412,42.9665
2,2077,-42.1412,43.5407
2,2078,-42.1412,44.1148
2,2079,-42.1412,44.689
2,2080,-41.7176,20
2,2081,-41.7176,20.5696
2,2082,-41.7176,21.1392
2,2083,-41.7176,21.7089
2,2084,-41.7176,22.2785
2,2085,-41.7176,22.8481
2,2086,-41.7176,23.4177
2,2087,-41.7176,23.9873
2,2088,-41.7176,24.557
2,2089,-41.7176,25.1266
2,2090,-41.7176,25.6962
2,2091,-41.7176,26.2658
2,2092,-41.7176,26.8354
2,2093,-41.7176,27.4051
2,2094,-41.7176,27.9747
2,2095,-41.7176,28.5443
2,2096,-41.7176,29.1139
2,2097,-41.7176,29.6835
2,2098,-41.7176,30.2532
2,2099,-41.7176,30.8228
2,2100,-41.7176,31.3924
2,2101,-41.7176,31.962
2,2102,-41.7176,32.5316
2,2103,-41.7176,33.1013
2,2104,-41.7176,33.6709
2,2105,-41.7176,34.2405
2,2106,-41.7176,34.8101
2,2107,-41.7176,35.3797
2,2108,-41.7176,35.9494
2,2109,-41.7176,36.519
2,2110,-41.7176,37.0886
2,2111,-41.7176,37.6582
2,2112,-41.7176,38.2278
2,2113,-41.7176,38.7975
2,2114,-41.7176,39.3671
2,2115,-41.7176,39.9367
2,2116,-41.7176,40.5063
2,2117,-41.7176,41.0759
2,2118,-41.7176,41.6456
2,2119,-41.7176,42.2152
2,2120,-41.7176,42.7848
2,2121,-41.7176,43.3544
2,2122,-41.7176,43.9241
2,2123,-41.7176,44.4937
2,2124,-41.2941,20
2,2125,-41.2941,20.566
2,2126,-41.2941,21.1321
2,2127,-41.2941,21.6981
2,2128,-41.2941,22.2642
2,2129,-41.2941,22.8302
2,2130,-41.2941,23.3962
2,2131,-41.2941,23.9623
2,2132,-41.2941,24.5283
2,2133,-41.2941,25.0943
2,2134,-41.2941,25.6604
2,2135,-41.2941,26.2264
2,2136,-41.2941,26.7925
2,2137,-41.2941,27.3585
2,2138,-41.2941,27.9245
2,2139,-41.2941,28.4906
2,2140,-41.2941,29.0566
2,2141,-41.2941,29.6226
2,2142,-41.2941,30.1887
2,2143,-41.2941,30.7547
2,2144,-41.2941,31.3208
2,2145,-41.2941,31.8868
2,2146,-41.2941,32.4528
2,2147,-41.2941,33.0189
2,2148,-41.2941,33.5849
2,2149,-41.2941,34.1509
2,2150,-41.2941,34.717
2,2151,-41.2941,35.283
2,2152,-41.2941,35.8491
2,2153,-41.2941,36.4151
2,2154,-41.2941,36.9811
2,2155,-41.2941,37.5472
2,2156,-41.2941,38.1132
2,2157,-41.2941,38.6792
2,2158,-41.2941,39.2453
2,2159,-41.2941,39.8113
2,2160,-41.2941,40.3774
2,2161,-41.2941,40.9434
2,2162,-41.2941,41.5094
2,2163,-41.2941,42.0755
2,2164,-41.2941,42.6415
2,2165,-41.2941,43.2075
2,2166,-41.2941,43.7736
2,2167,-41.2941,44.3396
2,2168,-41.2941,44.9057
2,2169,-40.8706,20
2,2170,-40.8706,20.5625
2,2171,-40.8706,21.125
2,2172,-40.8706,21.6875
2,2173,-40.8706,22.25
2,2174,-40.8706,22.8125
2,2175,-40.8706,23.375
2,2176,-40.8706,23.9375
2,2177,-40.8706,24.5
2,2178,-40.8706,25.0625
2,2179,-40.8706,25.625
2,2180,-40.8706,26.1875
2,2181,-40.8706,26.75
2,2182,-40.8706,27.3125
2,2183,-40.8706,27.875
2,2184,-40.8706,28.4375
2,2185,-40.8706,29
2,2186,-40.8706,29.5625
2,2187,-40.8706,30.125
2,2188,-40.8706,30.6875
2,2189,-40.8706,31.25
2,2190,-40.8706,31.8125
2,2191,-40.8706,32.375
2,2192,-40.8706,32.9375
2,2193,-40.8706,33.5
2,2194,-40.8706,34.0625
2,2195,-40.8706,34.625
2,2196,-40.8706,35.1875
2,2197,-40.8706,35.75
2,2198,-40.8706,36.3125
2,2199,-40.8706,36.875
2,2200,-40.8706,37.4375
2,2201,-40.8706,38
2,2202,-40.8706,38.5625
2,2203,-40.8706,39.125
2,2204,-40.8706,39.6875
2,2205,-40.8706,40.25
2,2206,-40.8706,40.8125
2,2207,-40.8706,41.375
2,2208,-40.8706,41.9375
2,2209,-40.8706,42.5
2,2210,-40.8706,43.0625
2,2211,-40.8706,43.625
2,2212,-40.8706,44.1875
2,2213,-40.8706,44.75
2,2214,-40.4471,20
2,2215,-40.4471,20.559
2,2216,-40.4471,21.118
2,2217,-40.4471,21.677
2,2218,-40.4471,22.236
2,2219,-40.4471,22.795
2,2220,-40.4471,23.354
2,2221,-40.4471,23.913
2,2222,-40.4471,24.472
2,2223,-40.4471,25.0311
2,2224,-40.4471,25.5901
2,2225,-40.4471,26.1491
2,2226,-40.4471,26.7081
2,2227,-40.4471,27.2671
2,2228,-40.4471,27.8261
2,2229,-40.4471,28.3851
2,2230,-40.4471,28.9441
2,2231,-40.4471,29.5031
2,2232,-40.4471,30.0621
2,2233,-40.4471,30.6211
2,2234,-40.4471,31.1801
2,2235,-40.4471,31.7391
2,2236,-40.4471,32.2981
2,2237,-40.4471,32.8571
2,2238,-40.4471,33.4161
2,2239,-40.4471,33.9752
2,2240,-40.4471,34.5342
2,2241,-40.4471,35.0932
2,2242,-40.4471,35.6522
2,2243,-40.4471,36.2112
2,2244,-40.4471,36.7702
2,2245,-40.4471,37.3292
2,2246,-40.4471,37.8882
2,2247,-40.4471,38.4472
2,2248,-40.4471,39.0062
2,2249,-40.4471,39.5652
2,2250,-40.4471,40.1242
2,2251,-40.4471,40.6832
2,2252,-40.4471,41.2422
2,2253,-40.4471,41.8012
2,2254,-40.4471,42.3602
2,2255,-40.4471,42.9193
2,2256,-40.4471,43.4783
2,2257,-40.4471,44.0373
2,2258,-40.4471,44.5963
2,2259,-40.0235,20
2,2260,-40.0235,20.5556
2,2261,-40.0235,21.1111
2,2262,-40.0235,21.6667
2,2263,-40.0235,22.2222
2,2264,-40.0235,22.7778
2,2265,-40.0235,23.3333
2,2266,-40.0235,23.8889
2,2267,-40.0235,24.4444
2,2268,-40.0235,25
2,2269,-40.0235,25.5556
2,2270,-40.0235,26.1111
2,2271,-40.0235,26.6667
2,2272,-40.0235,27.2222
2,2273,-40.0235,27.7778
2,2274,-40.0235,28.3333
2,2275,-40.0235,28.8889
2,2276,-40.0235,29.4444
2,2277,-40.0235,30
2,2278,-40.0235,30.5556
2,2279,-40.0235,31.1111
2,2280,-40.0235,31.6667
2,2281,-40.0235,32.2222
2,2282,-40.0235,32.7778
2,2283,-40.0235,33.3333
2,2284,-40.0235,33.8889
2,2285,-40.0235,34.4444
2,2286,-40.0235,35
2,2287,-40.0235,35.5556
2,2288,-40.0235,36.1111
2,2289,-40.0235,36.6667
2,2290,-40.0235,37.2222
2,2291,-40.0235,37.7778
2,2292,-40.0235,38.3333
2,2293,-40.0235,38.8889
2,2294,-40.0235,39.4444
2,2295,-40.0235,40
2,2296,-40.0235,40.5556
2,2297,-40.0235,41.1111
2,2298,-40.0235,41.6667
2,2299,-40.0235,42.2222
2,2300,-40.0235,42.7778
2,2301,-40.0235,43.3333
2,2302,-40.0235,43.8889
2,2303,-40.0235,44.4444
2,2304,-40.0235,45
2,2305,-39.6,20
2,2306,-39.6,20.5521
2,2307,-39.6,21.1043
2,2308,-39.6,21.6564
2,2309,-39.6,22.2086
2,2310,-39.6,22.7607
2,2311,-39.6,23.3129
2,2312,-39.6,23.865
2,2313,-39.6,24.4172
2,2314,-39.6,24.9693
2,2315,-39.6,25.5215
2,2316,-39.6,26.0736
2,2317,-39.6,26.6258
2,2318,-39.6,27.1779
2,2319,-39.6,27.7301
2,2320,-39.6,28.2822
2,2321,-39.6,28.8344
2,2322,-39.6,29.3865
2,2323,-39.6,29.9387
2,2324,-39.6,30.4908
2,2325,-39.6,31.0429
2,2326,-39.6,31.5951
2,2327,-39.6,32.1472
2,2328,-39.6,32.6994
2,2329,-39.6,33.2515
2,2330,-39.6,33.8037
2,2331,-39.6,34.3558
2,2332,-39.6,34.908
2,2333,-39.6,35.4601
2,2334,-39.6,36.0123
2,2335,-39.6,36.5644
2,2336,-39.6,37.1166
2,2337,-39.6,37.6687
2,2338,-39.6,38.2209
2,2339,-39.6,38.773
2,2340,-39.6,39.3252
2,2341,-39.6,39.8773
2,2342,-39.6,40.4294
2,2343,-39.6,40.9816
2,2344,-39.6,41.5337
2,2345,-39.6,42.0859
2,2346,-39.6,42.638
2,2347,-39.6,43.1902
2,2348,-39.6,43.7423
2,2349,-39.6,44.2945
2,2350,-39.6,44.8466
2,2351,-39.1765,20
2,2352,-39.1765,20.5488
2,2353,-39.1765,21.0976
2,2354,-39.1765,21.6463
2,2355,-39.1765,22.1951
2,2356,-39.1765,22.7439
2,2357,-39.1765,23.2927
2,2358,-39.1765,23.8415
2,2359,-39.1765,24.3902
2,2360,-39.1765,24.939
2,2361,-39.1765,25.4878
2,2362,-39.1765,26.0366
2,2363,-39.1765,26.5854
2,2364,-39.1765,27.1341
2,2365,-39.1765,27.6829
2,2366,-39.1765,28.2317
2,2367,-39.1765,28.7805
2,2368,-39.1765,29.3293
2,2369,-39.1765,29.878
2,2370,-39.1765,30.4268
2,2371,-39.1765,30.9756
2,2372,-39.1765,31.5244
2,2373,-39.1765,32.0732
2,2374,-39.1765,32.622
2,2375,-39.1765,33.1707
2,2376,-39.1765,33.7195
2,2377,-39.1765,34.2683
2,2378,-39.1765,34.8171
2,2379,-39.1765,35.3659
2,2380,-39.1765,35.9146
2,2381,-39.1765,36.4634
2,2382,-39.1765,37.0122
2,2383,-39.1765,37.561
2,2384,-39.1765,38.1098
2,2385,-39.1765,38.6585
2,2386,-39.1765,39.2073
2,2387,-39.1765,39.7561
2,2388,-39.1765,40.3049
2,2389,-39.1765,40.8537
2,2390,-39.1765,41.4024
2,2391,-39.1765,41.9512
2,2392,-39.1765,42.5
2,2393,-39.1765,43.0488
2,2394,-39.1765,43.5976
2,2395,-39.1765,44.1463
2,2396,-39.1765,44.6951
2,2397,-38.7529,20
2,2398,-38.7529,20.5455
2,2399,-38.7529,21.0909
2,2400,-38.7529,21.6364
2,2401,-38.7529,22.1818
2,2402,-38.7529,22.7273
2,2403,-38.7529,23.2727
2,2404,-38.7529,23.8182
2,2405,-38.7529,24.3636
2,2406,-38.7529,24.9091
2,2407,-38.7529,25.4545
2,2408,-38.7529,26
2,2409,-38.7529,26.5455
2,2410,-38.7529,27.0909
2,2411,-38.7529,27.6364
2,2412,-38.7529,28.1818
2,2413,-38.7529,28.7273
2,2414,-38.7529,29.2727
2,2415,-38.7529,29.8182
2,2416,-38.7529,30.3636
2,2417,-38.7529,30.9091
2,2418,-38.7529,31.4545
2,2419,-38.7529,32
2,2420,-38.7529,32.5455
2,2421,-38.7529,33.0909
2,2422,-38.7529,33.6364
2,2423,-38.7529,34.1818
2,2424,-38.7529,34.7273
2,2425,-38.7529,35.2727
2,2426,-38.7529,35.8182
2,2427,-38.7529,36.3636
2,2428,-38.7529,36.9091
2,2429,-38.7529,37.4545
2,2430,-38.7529,38
2,2431,-38.7529,38.5455
2,2432,-38.7529,39.0909
2,2433,-38.7529,39.6364
2,2434,-38.7529,40.1818
2,2435,-38.7529,40.7273
2,2436,-38.7529,41.2727
2,2437,-38.7529,41.8182
2,2438,-38.7529,42.3636
2,2439,-38.7529,42.9091
2,2440,-38.7529,43.4545
2,2441,-38.7529,44
2,2442,-38.7529,44.5455
2,2443,-38.3294,20
2,2444,-38.3294,20.5422
2,2445,-38.3294,21.0843
2,2446,-38.3294,21.6265
2,2447,-38.3294,22.1687
2,2448,-38.3294,22.7108
2,2449,-38.3294,23.253
2,2450,-38.3294,23.7952
2,2451,-38.3294,24.3373
2,2452,-38.3294,24.8795
2,2453,-38.3294,25.4217
2,2454,-38.3294,25.9639
2,2455,-38.3294,26.506
2,2456,-38.3294,27.0482
2,2457,-38.3294,27.5904
2,2458,-38.3294,28.1325
2,2459,-38.3294,28.6747
2,2460,-38.3294,29.2169
2,2461,-38.3294,29.759
2,2462,-38.3294,30.3012
2,2463,-38.3294,30.8434
2,2464,-38.3294,31.3855
2,2465,-38.3294,31.9277
2,2466,-38.3294,32.4699
2,2467,-38.3294,33.012
2,2468,-38.3294,33.5542
2,2469,-38.3294,34.0964
2,2470,-38.3294,34.6386
2,2471,-38.3294,35.1807
2,2472,-38.3294,35.7229
2,2473,-38.3294,36.2651
2,2474,-38.3294,36.8072
2,2475,-38.3294,37.3494
2,2476,-38.3294,37.8916
2,2477,-38.3294,38.4337
2,2478,-38.3294,38.9759
2,2479,-38.3294,39.5181
2,2480,-38.3294,40.0602
2,2481,-38.3294,40.6024
2,2482,-38.3294,41.1446
2,2483,-38.3294,41.6867
2,2484,-38.3294,42.2289
2,2485,-38.3294,42.7711
2,2486,-38.3294,43.3133
2,2487,-38.3294,43.8554
2,2488,-38.3294,44.3976
2,2489,-38.3294,44.9398
2,2490,-37.9059,20
2,2491,-37.9059,20.5389
2,2492,-37.9059,21.0778
2,2493,-37.9059,21.6168
2,2494,-37.9059,22.1557
2,2495,-37.9059,22.6946
2,2496,-37.9059,23.2335
2,2497,-37.9059,23.7725
2,2498,-37.9059,24.3114
2,2499,-37.9059,24.8503
2,2500,-37.9059,25.3892
2,2501,-37.9059,25.9281
2,2502,-37.9059,26.4671
2,2503,-37.9059,27.006
2,2504,-37.9059,27.5449
2,2505,-37.9059,28.0838
2,2506,-37.9059,28.6228
2,2507,-37.9059,29.1617
2,2508,-37.9059,29.7006
2,2509,-37.9059,30.2395
2,2510,-37.9059,30.7784
2,2511,-37.9059,31.3174
2,2512,-37.9059,31.8563
2,2513,-37.9059,32.3952
2,2514,-37.9059,32.9341
2,2515,-37.9059,33.4731
2,2516,-37.9059,34.012
2,2517,-37.9059,34.5509
2,2518,-37.9059,35.0898
2,2519,-37.9059,35.6287
2,2520,-37.9059,36.1677
2,2521,-37.9059,36.7066
2,2522,-37.9059,37.2455
2,2523,-37.9059,37.7844
2,2524,-37.9059,38.3234
2,2525,-37.9059,38.8623
2,2526,-37.9059,39.4012
2,2527,-37.9059,39.9401
2,2528,-37.9059,40.479
2,2529,-37.9059,41.018
2,2530,-37.9059,41.5569
2,2531,-37.9059,42.0958
2,2532,-37.9059,42.6347
2,2533,-37.9059,43.1737
2,2534,-37.9059,43.7126
2,2535,-37.9059,44.2515
2,2536,-37.9059,44.7904
2,2537,-37.4824,20
2,2538,-37.4824,20.5357
2,2539,-37.4824,21.0714
2,2540,-37.4824,21.6071
2,2541,-37.4824,22.1429
2,2542,-37.4824,22.6786
2,2543,-37.4824,23.2143
2,2544,-37.4824,23.75
2,2545,-37.4824,24.2857
2,2546,-37.4824,24.8214
2,2547,-37.4824,25.3571
2,2548,-37.4824,25.8929
2,2549,-37.4824,26.4286
2,2550,-37.4824,26.9643
2,2551,-37.4824,27.5
2,2552,-37.4824,28.0357
2,2553,-37.4824,28.5714
2,2554,-37.4824,29.1071
2,2555,-37.4824,29.6429
2,2556,-37.4824,30.1786
2,2557,-37.4824,30.7143
2,2558,-37.4824,31.25
2,2559,-37.4824,31.7857
2,2560,-37.4824,32.3214
2,2561,-37.4824,32.8571
2,2562,-37.4824,33.3929
2,2563,-37.4824,33.9286
2,2564,-37.4824,34.4643
2,2565,-37.4824,35
2,2566,-37.4824,35.5357
2,2567,-37.4824,36.0714
2,2568,-37.4824,36.6071
2,2569,-37.4824,37.1429
2,2570,-37.4824,37.6786
2,2571,-37.4824,38.2143
2,2572,-37.4824,38.75
2,2573,-37.4824,39.2857
2,2574,-37.4824,39.8214
2,2575,-37.4824,40.3571
2,2576,-37.4824,40.8929
2,2577,-37.4824,41.4286
2,2578,-37.4824,41.9643
2,2579,-37.4824,42.5
2,2580,-37.4824,43.0357
2,2581,-37.4824,43.5714
2,2582,-37.4824,44.1071
2,2583,-37.4824,44.6429
2,2584,-37.0588,20
2,2585,-37.0588,20.5333
2,2586,-37.0588,21.0667
2,2587,-37.0588,21.6
2,2588,-37.0588,22.1333
2,2589,-37.0588,22.6667
2,2590,-37.0588,23.2
2,2591,-37.0588,23.7333
2,2592,-37.0588,24.2667
2,2593,-37.0588,24.8
2,2594,-37.0588,25.3333
2,2595,-37.0588,25.8667
2,2596,-37.0588,26.4
2,2597,-37.0588,26.9333
2,2598,-37.0588,27.4667
2,2599,-37.0588,28
2,2600,-37.0588,28.5333
2,2601,-37.0588,29.0667
2,2602,-37.0588,29.6
2,2603,-37.0588,30.1333
2,2604,-37.0588,30.6667
2,2605,-37.0588,31.2
2,2606,-37.0588,31.7333
2,2607,-37.0588,32.2667
2,2608,-37.0588,32.8
2,2609,-37.0588,33.3333
2,2610,-37.0588,33.8667
2,2611,-37.0588,34.4
2,2612,-37.0588,34.9333
2,2613,-37.0588,35.4667
2,2614,-37.0588,36
2,2615,-37.0588,36.5333
2,2616,-37.0588,37.0667
2,2617,-37.0588,37.6
2,2618,-37.0588,38.1333
2,2619,-37.0588,38.6667
2,2620,-37.0588,39.2
2,2621,-37.0588,39.7333
2,2622,-37.0588,40.2667
2,2623,-37.0588,40.8
2,2624,-37.0588,41.3333
2,2625,-37.0588,41.8667
2,2626,-37.0588,42.4
2,2627,-37.0588,42.9333
2,2628,-37.0588,43.4667
2,2629,-37.0588,44
2,2630,-37.0588,44.5333
2,2631,-36.6353,20
2,2632,-36.6353,20.5302
2,2633,-36.6353,21.0604
2,2634,-36.6353,21.5906
2,2635,-36.6353,22.1208
2,2636,-36.6353,22.651
2,2637,-36.6353,23.1811
2,2638,-36.6353,23.7113
2,2639,-36.6353,24.2415
2,2640,-36.6353,24.7717
2,2641,-36.6353,25.3019
2,2642,-36.6353,25.8321
2,2643,-36.6353,26.3623
2,2644,-36.6353,26.8925
2,2645,-36.6353,27.4227
2,2646,-36.6353,27.9529
2,2647,-36.6353,28.4831
2,2648,-36.6353,29.0133
2,2649,-36.6353,29.5434
2,2650,-36.6353,30.0736
2,2651,-36.6353,30.6038
2,2652,-36.6353,31.134
2,2653,-36.6353,31.6642
2,2654,-36.6353,32.1944
2,2655,-36.6353,32.7246
2,2656,-36.6353,33.2548
2,2657,-36.6353,33.785
2,2658,-36.6353,34.3152
2,2659,-36.6353,34.8454
2,2660,-36.6353,35.3756
2,2661,-36.6353,35.9057
2,2662,-36.6353,36.4359
2,2663,-36.6353,36.9661
2,2664,-36.6353,37.4963
2,2665,-36.6353,38.0265
2,2666,-36.6353,38.5567
2,2667,-36.6353,39.0869
2,2668,-36.6353,39.6171
2,2669,-36.6353,40.1473
2,2670,-36.6353,40.6775
2,2671,-36.6353,41.2077
2,2672,-36.6353,41.7378
2,2673,-36.6353,42.268
2,2674,-36.6353,42.7982
2,2675,-36.6353,43.3284
2,2676,-36.6353,43.8586
2,2677,-36.6353,44.3888
2,2678,-36.6353,44.919
2,2679,-36.2118,20
2,2680,-36.2118,20.5271
2,2681,-36.2118,21.0542
2,2682,-36.2118,21.5813
2,2683,-36.2118,22.1083
2,2684,-36.2118,22.6354
2,2685,-36.2118,23.1625
2,2686,-36.2118,23.6896
2,2687,-36.2118,24.2167
2,2688,-36.2118,24.7438
2,2689,-36.2118,25.2709
2,2690,-36.2118,25.798
2,2691,-36.2118,26.325
2,2692,-36.2118,26.8521
2,2693,-36.2118,27.3792
2,2694,-36.2118,27.9063
2,2695,-36.2118,28.4334
2,2696,-36.2118,28.9605
2,2697,-36.2118,29.4876
2,2698,-36.2118,30.0146
2,2699,-36.2118,30.5417
2,2700,-36.2118,31.0688
2,2701,-36.2118,31.5959
2,2702,-36.2118,32.123
2,2703,-36.2118,32.6501
2,2704,-36.2118,33.1772
2,2705,-36.2118,33.7042
2,2706,-36.2118,34.2313
2,2707,-36.2118,34.7584
2,2708,-36.2118,35.2855
2,2709,-36.2118,35.8126
2,2710,-36.2118,36.3397
2,2711,-36.2118,36.8668
2,2712,-36.2118,37.3939
2,2713,-36.2118,37.9209
2,2714,-36.2118,38.448
2,2715,-36.2118,38.9751
2,2716,-36.2118,39.5022
2,2717,-36.2118,40.0293
2,2718,-36.2118,40.5564
2,2719,-36.2118,41.0835
2,2720,-36.2118,41.6105
2,2721,-36.2118,42.1376
2,2722,-36.2118,42.6647
2,2723,-36.2118,43.1918
2,2724,-36.2118,43.7189
2,2725,-36.2118,44.246
2,2726,-36.2118,44.7731
2,2727,-35.7882,20
2,2728,-35.7882,20.5248
2,2729,-35.7882,21.0496
2,2730,-35.7882,21.5743
2,2731,-35.7882,22.0991
2,2732,-35.7882,22.6239
2,2733,-35.7882,23.1487
2,2734,-35.7882,23.6735
2,2735,-35.7882,24.1983
2,2736,-35.7882,24.723
2,2737,-35.7882,25.2478
2,2738,-35.7882,25.7726
2,2739,-35.7882,26.2974
2,2740,-35.7882,26.8222
2,2741,-35.7882,27.3469
2,2742,-35.7882,27.8717
2,2743,-35.7882,28.3965
2,2744,-35.7882,28.9213
2,2745,-35.7882,29.4461
2,2746,-35.7882,29.9708
2,2747,-35.7882,30.4956
2,2748,-35.7882,31.0204
2,2749,-35.7882,31.5452
2,2750,-35.7882,32.07
2,2751,-35.7882,32.5948
2,2752,-35.7882,33.1195
2,2753,-35.7882,33.6443
2,2754,-35.7882,34.1691
2,2755,-35.7882,34.6939
2,2756,-35.7882,35.2187
2,2757,-35.7882,35.7434
2,2758,-35.7882,36.2682
2,2759,-35.7882,36.793
2,2760,-35.7882,37.3178
2,2761,-35.7882,37.8426
2,2762,-35.7882,38.3673
2,2763,-35.7882,38.8921
2,2764,-35.7882,39.4169
2,2765,-35.7882,39.9417
2,2766,-35.7882,40.4665
2,2767,-35.7882,40.9913
2,2768,-35.7882,41.516
2,2769,-35.7882,42.0408
2,2770,-35.7882,42.5656
2,2771,-35.7882,43.0904
2,2772,-35.7882,43.6152
2,2773,-35.7882,44.1399
2,2774,-35.7882,44.6647
2,2775,-35.3647,20
2,2776,-35.3647,20.5217
2,2777,-35.3647,21.0435
2,2778,-35.3647,21.5652
2,2779,-35.3647,22.087
2,2780,-35.3647,22.6087
2,2781,-35.3647,23.1304
2,2782,-35.3647,23.6522
2,2783,-35.3647,24.1739
2,2784,-35.3647,24.6957
2,2785,-35.3647,25.2174
2,2786,-35.3647,25.7391
2,2787,-35.3647,26.2609
2,2788,-35.3647,26.7826
2,2789,-35.3647,27.3043
2,2790,-35.3647,27.8261
2,2791,-35.3647,28.3478
2,2792,-35.3647,28.8696
2,2793,-35.3647,29.3913
2,2794,-35.3647,29.913
2,2795,-35.3647,30.4348
2,2796,-35.3647,30.9565
2,2797,-35.3647,31.4783
2,2798,-35.3647,32
2,2799,-35.3647,32.5217
2,2800,-35.3647,33.0435
2,2801,-35.3647,33.5652
2,2802,-35.3647,34.087
2,2803,-35.3647,34.6087
2,2804,-35.3647,35.1304
2,2805,-35.3647,35.6522
2,2806,-35.3647,36.1739
2,2807,-35.3647,36.6957
2,2808,-35.3647,37.2174
2,2809,-35.3647,37.7391
2,2810,-35.3647,38.2609
2,2811,-35.3647,38.7826
2,2812,-35.3647,39.3043
2,2813,-35.3647,39.8261
2,2814,-35.3647,40.3478
2,2815,-35.3647,40.8696
2,2816,-35.3647,41.3913
2,2817,-35.3647,41.913
2,2818,-35.3647,42.4348
2,2819,-35.3647,42.9565
2,2820,-35.3647,43.4783
2,2821,-35.3647,44
2,2822,-35.3647,44.5217
2,2823,-34.9412,20
2,2824,-34.9412,20.5187
2,2825,-34.9412,21.0375
2,2826,-34.9412,21.5562
2,2827,-34.9412,22.0749
2,2828,-34.9412,22.5937
2,2829,-34.9412,23.1124
2,2830,-34.9412,23.6311
2,2831,-34.9412,24.1499
2,2832,-34.9412,24.6686
2,2833,-34.9412,25.1873
2,2834,-34.9412,25.7061
2,2835,-34.9412,26.2248
2,2836,-34.9412,26.7435
2,2837,-34.9412,27.2622
2,2838,-34.9412,27.781
2,2839,-34.9412,28.2997
2,2840,-34.9412,28.8184
2,2841,-34.9412,29.3372
2,2842,-34.9412,29.8559
2,2843,-34.9412,30.3746
2,2844,-34.9412,30.8934
2,2845,-34.9412,31.4121
2,2846,-34.9412,31.9308
2,2847,-34.9412,32.4496
2,2848,-34.9412,32.9683
2,2849,-34.9412,33.487
2,2850,-34.9412,34.0058
2,2851,-34.9412,34.5245
2,2852,-34.9412,35.0432
2,2853,-34.9412,35.562
2,2854,-34.9412,36.0807
2,2855,-34.9412,36.5994
2,2856,-34.9412,37.1182
2,2857,-34.9412,37.6369
2,2858,-34.9412,38.1556
2,2859,-34.9412,38.6744
2,2860,-34.9412,39.1931
2,2861,-34.9412,39.7118
2,2862,-34.9412,40.2305
2,2863,-34.9412,40.7493
2,2864,-34.9412,41.268
2,2865,-34.9412,41.7867
2,2866,-34.9412,42.3055
2,2867,-34.9412,42.8242
2,2868,-34.9412,43.3429
2,2869,-34.9412,43.8617
2,2870,-34.9412,44.3804
2,2871,-34.9412,44.8991
2,2872,-34.5176,20
2,2873,-34.5176,20.5165
2,2874,-34.5176,21.033
2,2875,-34.5176,21.5495
2,2876,-34.5176,22.066
2,2877,-34.5176,22.5825
2,2878,-34.5176,23.099
2,2879,-34.5176,23.6155
2,2880,-34.5176,24.132
2,2881,-34.5176,24.6485
2,2882,-34.5176,25.165
2,2883,-34.5176,25.6815
2,2884,-34.5176,26.198
2,2885,-34.5176,26.7145
2,2886,-34.5176,27.231
2,2887,-34.5176,27.7475
2,2888,-34.5176,28.264
2,2889,-34.5176,28.7805
2,2890,-34.5176,29.297
2,2891,-34.5176,29.8135
2,2892,-34.5176,30.33
2,2893,-34.5176,30.8465
2,2894,-34.5176,31.363
2,2895,-34.5176,31.8795
2,2896,-34.5176,32.396
2,2897,-34.5176,32.9125
2,2898,-34.5176,33.429
2,2899,-34.5176,33.9455
2,2900,-34.5176,34.462
2,2901,-34.5176,34.9785
2,2902,-34.5176,35.495
2,2903,-34.5176,36.0115
2,2904,-34.5176,36.528
2,2905,-34.5176,37.0445
2,2906,-34.5176,37.561
2,2907,-34.5176,38.0775
2,2908,-34.5176,38.594
2,2909,-34.5176,39.1105
2,2910,-34.5176,39.627
2,2911,-34.5176,40.1435
2,2912,-34.5176,40.66
2,2913,-34.5176,41.1765
2,2914,-34.5176,41.693
2,2915,-34.5176,42.2095
2,2916,-34.5176,42.726
2,2917,-34.5176,43.2425
2,2918,-34.5176,43.759
2,2919,-34.5176,44.2755
2,2920,-34.5176,44.792
2,2921,-34.0941,20
2,2922,-34.0941,20.5136
2,2923,-34.0941,21.0271
2,2924,-34.0941,21.5407
2,2925,-34.0941,22.0542
2,2926,-34.0941,22.5678
2,2927,-34.0941,23.0813
2,2928,-34.0941,23.5949
2,2929,-34.0941,24.1084
2,2930,-34.0941,24.622
2,2931,-34.0941,25.1355
2,2932,-34.0941,25.6491
2,2933,-34.0941,26.1626
2,2934,-34.0941,26.6762
2,2935,-34.0941,27.1897
2,2936,-34.0941,27.7033
2,2937,-34.0941,28.2168
2,2938,-34.0941,28.7304
2,2939,-34.0941,29.2439
2,2940,-34.0941,29.7575
2,2941,-34.0941,30.271
2,2942,-34.0941,30.7846
2,2943,-34.0941,31.2981
2,2944,-34.0941,31.8117
2,2945,-34.0941,32.3252
2,2946,-34.0941,32.8388
2,2947,-34.0941,33.3524
2,2948,-34.0941,33.8659
2,2949,-34.0941,34.3795
2,2950,-34.0941,34.893
2,2951,-34.0941,35.4066
2,2952,-34.0941,35.9201
2,2953,-34.0941,36.4337
2,2954,-34.0941,36.9472
2,2955,-34.0941,37.4608
2,2956,-34.0941,37.9743
2,2957,-34.0941,38.4879
2,2958,-34.0941,39.0014
2,2959,-34.0941,39.515
2,2960,-34.0941,40.0285
2,2961,-34.0941,40.5421
2,2962,-34.0941,41.0556
2,2963,-34.0941,41.5692
2,2964,-34.0941,42.0827
2,2965,-34.0941,42.5963
2,2966,-34.0941,43.1098
2,2967,-34.0941,43.6234
2,2968,-34.0941,44.1369
2,2969,-34.0941,44.6505
2,2970,-33.6706,20
2,2971,-33.6706,20.5114
2,2972,-33.6706,21.0227
2,2973,-33.6706,21.5341
2,2974,-33.6706,22.0455
2,2975,-33.6706,22.5568
2,2976,-33.6706,23.0682
2,2977,-33.6706,23.5795
2,2978,-33.6706,24.0909
2,2979,-33.6706,24.6023
2,2980,-33.6706,25.1136
2,2981,-33.6706,25.625
2,2982,-33.6706,26.1364
2,2983,-33.6706,26.6477
2,2984,-33.6706,27.1591
2,2985,-33.6706,27.6705
2,2986,-33.6706,28.1818
2,2987,-33.6706,28.6932
2,2988,-33.6706,29.2045
2,2989,-33.6706,29.7159
2,2990,-33.6706,30.2273
2,2991,-33.6706,30.7386
2,2992,-33.6706,31.25
2,2993,-33.6706,31.7614
2,2994,-33.6706,32.2727
2,2995,-33.6706,32.7841
2,2996,-33.6706,33.2955
2,2997,-33.6706,33.8068
2,2998,-33.6706,34.3182
2,2999,-33.6706,34.8295
2,3000,-33.6706,35.3409
2,3001,-33.6706,35.8523
2,3002,-33.6706,36.3636
2,3003,-33.6706,36.875
2,3004,-33.6706,37.3864
2,3005,-33.6706,37.8977
2,3006,-33.6706,38.4091
2,3007,-33.6706,38.9205
2,3008,-33.6706,39.4318
2,3009,-33.6706,39.9432
2,3010,-33.6706,40.4545
2,3011,-33.6706,40.9659
2,3012,-33.6706,41.4773
2,3013,-33.6706,41.9886
2,3014,-33.6706,42.5
2,3015,-33.6706,43.0114
2,3016,-33.6706,43.5227
2,3017,-33.6706,44.0341
2,3018,-33.6706,44.5455
2,3019,-33.2471,20
2,3020,-33.2471,20.5085
2,3021,-33.2471,21.0169
2,3022,-33.2471,21.5254
2,3023,-33.2471,22.0339
2,3024,-33.2471,22.5424
2,3025,-33.2471,23.0508
2,3026,-33.2471,23.5593
2,3027,-33.2471,24.0678
2,3028,-33.2471,24.5763
2,3029,-33.2471,25.0847
2,3030,-33.2471,25.5932
2,3031,-33.2471,26.1017
2,3032,-33.2471,26.6102
2,3033,-33.2471,27.1186
2,3034,-33.2471,27.6271
2,3035,-33.2471,28.1356
2,3036,-33.2471,28.6441
2,3037,-33.2471,29.1525
2,3038,-33.2471,29.661
2,3039,-33.2471,30.1695
2,3040,-33.2471,30.678
2,3041,-33.2471,31.1864
2,3042,-33.2471,31.6949
2,3043,-33.2471,32.2034
2,3044,-33.2471,32.7119
2,3045,-33.2471,33.2203
2,3046,-33.2471,33.7288
2,3047,-33.2471,34.2373
2,3048,-33.2471,34.7458
2,3049,-33.2471,35.2542
2,3050,-33.2471,35.7627
2,3051,-33.2471,36.2712
2,3052,-33.2471,36.7797
2,3053,-33.2471,37.2881
2,3054,-33.2471,37.7966
2,3055,-33.2471,38.3051
2,3056,-33.2471,38.8136
2,3057,-33.2471,39.322
2,3058,-33.2471,39.8305
2,3059,-33.2471,40.339
2,3060,-33.2471,40.8475
2,3061,-33.2471,41.3559
2,3062,-33.2471,41.8644
2,3063,-33.2471,42.3729
2,3064,-33.2471,42.8814
2,3065,-33.2471,43.3898
2,3066,-33.2471,43.8983
2,3067,-33.2471,44.4068
2,3068,-33.2471,44.9153
2,3069,-32.8235,20
2,3070,-32.8235,20.5063
2,3071,-32.8235,21.0127
2,3072,-32.8235,21.519
2,3073,-32.8235,22.0253
2,3074,-32.8235,22.5316
2,3075,-32.8235,23.038
2,3076,-32.8235,23.5443
2,3077,-32.8235,24.0506
2,3078,-32.8235,24.557
2,3079,-32.8235,25.0633
2,3080,-32.8235,25.5696
2,3081,-32.8235,26.0759
2,3082,-32.8235,26.5823
2,3083,-32.8235,27.0886
2,3084,-32.8235,27.5949
2,3085,-32.8235,28.1013
2,3086,-32.8235,28.6076
2,3087,-32.8235,29.1139
2,3088,-32.8235,29.6203
2,3089,-32.8235,30.1266
2,3090,-32.8235,30.6329
2,3091,-32.8235,31.1392
2,3092,-32.8235,31.6456
2,3093,-32.8235,32.1519
2,3094,-32.8235,32.6582
2,3095,-32.8235,33.1646
2,3096,-32.8235,33.6709
2,3097,-32.8235,34.1772
2,3098,-32.8235,34.6835
2,3099,-32.8235,35.1899
2,3100,-32.8235,35.6962
2,3101,-32.8235,36.2025
2,3102,-32.8235,36.7089
2,3103,-32.8235,37.2152
2,3104,-32.8235,37.7215
2,3105,-32.8235,38.2278
2,3106,-32.8235,38.7342
2,3107,-32.8235,39.2405
2,3108,-32.8235,39.7468
2,3109,-32.8235,40.2532
2,3110,-32.8235,40.7595
2,3111,-32.8235,41.2658
2,3112,-32.8235,41.7722
2,3113,-32.8235,42.2785
2,3114,-32.8235,42.7848
2,3115,-32.8235,43.2911
2,3116,-32.8235,43.7975
2,3117,-32.8235,44.3038
2,3118,-32.8235,44.8101
2,3119,-32.4,20
2,3120,-32.4,20.5042
2,3121,-32.4,21.0084
2,3122,-32.4,21.5126
2,3123,-32.4,22.0168
2,3124,-32.4,22.521
2,3125,-32.4,23.0252
2,3126,-32.4,23.5294
2,3127,-32.4,24.0336
2,3128,-32.4,24.5378
2,3129,-32.4,25.042
2,3130,-32.4,25.5462
2,3131,-32.4,26.0504
2,3132,-32.4,26.5546
2,3133,-32.4,27.0588
2,3134,-32.4,27.563
2,3135,-32.4,28.0672
2,3136,-32.4,28.5714
2,3137,-32.4,29.0756
2,3138,-32.4,29.5798
2,3139,-32.4,30.084
2,3140,-32.4,30.5882
2,3141,-32.4,31.0924
2,3142,-32.4,31.5966
2,3143,-32.4,32.1008
2,3144,-32.4,32.605
2,3145,-32.4,33.1092
2,3146,-32.4,33.6134
2,3147,-32.4,34.1176
2,3148,-32.4,34.6218
2,3149,-32.4,35.1261
2,3150,-32.4,35.6303
2,3151,-32.4,36.1345
2,3152,-32.4,36.6387
2,3153,-32.4,37.1429
2,3154,-32.4,37.6471
2,3155,-32.4,38.1513
2,3156,-32.4,38.6555
2,3157,-32.4,39.1597
2,3158,-32.4,39.6639
2,3159,-32.4,40.1681
2,3160,-32.4,40.6723
2,3161,-32.4,41.1765
2,3162,-32.4,41.6807
2,3163,-32.4,42.1849
2,3164,-32.4,42.6891
2,3165,-32.4,43.1933
2,3166,-32.4,43.6975
2,3167,-32.4,44.2017
2,3168,-32.4,44.7059
2,3169,-31.9765,20
2,3170,-31.9765,20.5014
2,3171,-31.9765,21.0028
2,3172,-31.9765,21.5042
2,3173,-31.9765,22.0056
2,3174,-31.9765,22.507
2,3175,-31.9765,23.0084
2,3176,-31.9765,23.5097
2,3177,-31.9765,24.0111
2,3178,-31.9765,24.5125
2,3179,-31.9765,25.0139
2,3180,-31.9765,25.5153
2,3181,-31.9765,26.0167
2,3182,-31.9765,26.5181
2,3183,-31.9765,27.0195
2,3184,-31.9765,27.5209
2,3185,-31.9765,28.0223
2,3186,-31.9765,28.5237
2,3187,-31.9765,29.0251
2,3188,-31.9765,29.5265
2,3189,-31.9765,30.0279
2,3190,-31.9765,30.5292
2,3191,-31.9765,31.0306
2,3192,-31.9765,31.532
2,3193,-31.9765,32.0334
2,3194,-31.9765,32.5348
2,3195,-31.9765,33.0362
2,3196,-31.9765,33.5376
2,3197,-31.9765,34.039
2,3198,-31.9765,34.5404
2,3199,-31.9765,35.0418
2,3200,-31.9765,35.5432
2,3201,-31.9765,36.0446
2,3202,-31.9765,36.546
2,3203,-31.9765,37.0474
2,3204,-31.9765,37.5487
2,3205,-31.9765,38.0501
2,3206,-31.9765,38.5515
2,3207,-31.9765,39.0529
2,3208,-31.9765,39.5543
2,3209,-31.9765,40.0557
2,3210,-31.9765,40.5571
2,3211,-31.9765,41.0585
2,3212,-31.9765,41.5599
2,3213,-31.9765,42.0613
2,3214,-31.9765,42.5627
2,3215,-31.9765,43.0641
2,3216,-31.9765,43.5655
2,3217,-31.9765,44.0669
2,3218,-31.9765,44.5682
2,3219,-31.5529,20
2,3220,-31.5529,20.4993
2,3221,-31.5529,20.9986
2,3222,-31.5529,21.4979
2,3223,-31.5529,21.9972
2,3224,-31.5529,22.4965
2,3225,-31.5529,22.9958
2,3226,-31.5529,23.4951
2,3227,-31.5529,23.9945
2,3228,-31.5529,24.4938
2,3229,-31.5529,24.9931
2,3230,-31.5529,25.4924
2,3231,-31.5529,25.9917
2,3232,-31.5529,26.491
2,3233,-31.5529,26.9903
2,3234,-31.5529,27.4896
2,3235,-31.5529,27.9889
2,3236,-31.5529,28.4882
2,3237,-31.5529,28.9875
2,3238,-31.5529,29.4868
2,3239,-31.5529,29.9861
2,3240,-31.5529,30.4854
2,3241,-31.5529,30.9847
2,3242,-31.5529,31.484
2,3243,-31.5529,31.9834
2,3244,-31.5529,32.4827
2,3245,-31.5529,32.982
2,3246,-31.5529,33.4813
2,3247,-31.5529,33.9806
2,3248,-31.5529,34.4799
2,3249,-31.5529,34.9792
2,3250,-31.5529,35.4785
2,3251,-31.5529,35.9778
2,3252,-31.5529,36.4771
2,3253,-31.5529,36.9764
2,3254,-31.5529,37.4757
2,3255,-31.5529,37.975
2,3256,-31.5529,38.4743
2,3257,-31.5529,38.9736
2,3258,-31.5529,39.473
2,3259,-31.5529,39.9723
2,3260,-31.5529,40.4716
2,3261,-31.5529,40.9709
2,3262,-31.5529,41.4702
2,3263,-31.5529,41.9695
2,3264,-31.5529,42.4688
2,3265,-31.5529,42.9681
2,3266,-31.5529,43.4674
2,3267,-31.5529,43.9667
2,3268,-31.5529,44.466
2,3269,-31.5529,44.9653
2,3270,-31.1294,20
2,3271,-31.1294,20.4972
2,3272,-31.1294,20.9945
2,3273,-31.1294,21.4917
2,3274,-31.1294,21.989
2,3275,-31.1294,22.4862
2,3276,-31.1294,22.9834
2,3277,-31.1294,23.4807
2,3278,-31.1294,23.9779
2,3279,-31.1294,24.4751
2,3280,-31.1294,24.9724
2,3281,-31.1294,25.4696
2,3282,-31.1294,25.9669
2,3283,-31.1294,26.4641
2,3284,-31.1294,26.9613
2,3285,-31.1294,27.4586
2,3286,-31.1294,27.9558
2,3287,-31.1294,28.453
2,3288,-31.1294,28.9503
2,3289,-31.1294,29.4475
2,3290,-31.1294,29.9448
2,3291,-31.1294,30.442
2,3292,-31.1294,30.9392
2,3293,-31.1294,31.4365
2,3294,-31.1294,31.9337
2,3295,-31.1294,32.4309
2,3296,-31.1294,32.9282
2,3297,-31.1294,33.4254
2,3298,-31.1294,33.9227
2,3299,-31.1294,34.4199
2,3300,-31.1294,34.9171
2,3301,-31.1294,35.4144
2,3302,-31.1294,35.9116
2,3303,-31.1294,36.4088
2,3304,-31.1294,36.9061
2,3305,-31.1294,37.4033
2,3306,-31.1294,37.9006
2,3307,-31.1294,38.3978
2,3308,-31.1294,38.895
2,3309,-31.1294,39.3923
2,3310,-31.1294,39.8895
2,3311,-31.1294,40.3867
2,3312,-31.1294,40.884
2,3313,-31.1294,41.3812
2,3314,-31.1294,41.8785
2,3315,-31.1294,42.3757
2,3316,-31.1294,42.8729
2,3317,-31.1294,43.3702
2,3318,-31.1294,43.8674
2,3319,-31.1294,44.3646
2,3320,-31.1294,44.8619
2,3321,-30.7059,20
2,3322,-30.7059,20.4945
2,3323,-30.7059,20.989
2,3324,-30.7059,21.4835
2,3325,-30.7059,21.978
2,3326,-30.7059,22.4725
2,3327,-30.7059,22.967
2,3328,-30.7059,23.4615
2,3329,-30.7059,23.956
2,3330,-30.7059,24.4505
2,3331,-30.7059,24.9451
2,3332,-30.7059,25.4396
2,3333,-30.7059,25.9341
2,3334,-30.7059,26.4286
2,3335,-30.7059,26.9231
2,3336,-30.7059,27.4176
2,3337,-30.7059,27.9121
2,3338,-30.7059,28.4066
2,3339,-30.7059,28.9011
2,3340,-30.7059,29.3956
2,3341,-30.7059,29.8901
2,3342,-30.7059,30.3846
2,3343,-30.7059,30.8791
2,3344,-30.7059,31.3736
2,3345,-30.7059,31.8681
2,3346,-30.7059,32.3626
2,3347,-30.7059,32.8571
2,3348,-30.7059,33.3516
2,3349,-30.7059,33.8462
2,3350,-30.7059,34.3407
2,3351,-30.7059,34.8352
2,3352,-30.7059,35.3297
2,3353,-30.7059,35.8242
2,3354,-30.7059,36.3187
2,3355,-30.7059,36.8132
2,3356,-30.7059,37.3077
2,3357,-30.7059,37.8022
2,3358,-30.7059,38.2967
2,3359,-30.7059,38.7912
2,3360,-30.7059,39.2857
2,3361,-30.7059,39.7802
2,3362,-30.7059,40.2747
2,3363,-30.7059,40.7692
2,3364,-30.7059,41.2637
2,3365,-30.7059,41.7582
2,3366,-30.7059,42.2527
2,3367,-30.7059,42.7473
2,3368,-30.7059,43.2418
2,3369,-30.7059,43.7363
2,3370,-30.7059,44.2308
2,3371,-30.7059,44.7253
2,3372,-30.2824,20
2,3373,-30.2824,20.4925
2,3374,-30.2824,20.985
2,3375,-30.2824,21.4774
2,3376,-30.2824,21.9699
2,3377,-30.2824,22.4624
2,3378,-30.2824,22.9549
2,3379,-30.2824,23.4473
2,3380,-30.2824,23.9398
2,3381,-30.2824,24.4323
2,3382,-30.2824,24.9248
2,3383,-30.2824,25.4172
2,3384,-30.2824,25.9097
2,3385,-30.2824,26.4022
2,3386,-30.2824,26.8947
2,3387,-30.2824,27.3871
2,3388,-30.2824,27.8796
2,3389,-30.2824,28.3721
2,3390,-30.2824,28.8646
2,3391,-30.2824,29.357
2,3392,-30.2824,29.8495
2,3393,-30.2824,30.342
2,3394,-30.2824,30.8345
2,3395,-30.2824,31.3269
2,3396,-30.2824,31.8194
2,3397,-30.2824,32.3119
2,3398,-30.2824,32.8044
2,3399,-30.2824,33.2969
2,3400,-30.2824,33.7893
2,3401,-30.2824,34.2818
2,3402,-30.2824,34.7743
2,3403,-30.2824,35.2668
2,3404,-30.2824,35.7592
2,3405,-30.2824,36.2517
2,3406,-30.2824,36.7442
2,3407,-30.2824,37.2367
2,3408,-30.2824,37.7291
2,3409,-30.2824,38.2216
2,3410,-30.2824,38.7141
2,3411,-30.2824,39.2066
2,3412,-30.2824,39.699
2,3413,-30.2824,40.1915
2,3414,-30.2824,40.684
2,3415,-30.2824,41.1765
2,3416,-30.2824,41.6689
2,3417,-30.2824,42.1614
2,3418,-30.2824,42.6539
2,3419,-30.2824,43.1464
2,3420,-30.2824,43.6389
2,3421,-30.2824,44.1313
2,3422,-30.2824,44.6238
