regi,gpi,lat[deg],lon[deg]
1,0,19.2857,-90
1,1,19.2857,-88.8535
1,2,19.2857,-87.707
1,3,19.2857,-86.5605
1,4,19.2857,-85.414
1,5,19.2857,-84.2675
1,6,19.2857,-83.121
1,7,19.2857,-81.9745
1,8,19.2857,-80.828
1,9,19.2857,-79.6815
1,10,19.2857,-78.535
1,11,19.2857,-77.3885
1,12,19.2857,-76.242
1,13,19.2857,-75.0955
1,14,19.2857,-73.949
1,15,19.2857,-72.8025
1,16,19.2857,-71.6561
1,17,19.2857,-70.5096
1,18,19.2857,-69.3631
1,19,19.2857,-68.2166
1,20,19.2857,-67.0701
1,21,19.2857,-65.9236
1,22,19.2857,-64.7771
1,23,19.2857,-63.6306
1,24,19.2857,-62.4841
1,25,19.2857,-61.3376
1,26,19.2857,-60.1911
1,27,19.2857,-59.0446
1,28,19.2857,-57.8981
1,29,19.2857,-56.7516
1,30,19.2857,-55.6051
1,31,19.2857,-54.4586
1,32,19.2857,-53.3121
1,33,19.2857,-52.1656
1,34,19.2857,-51.0191
1,35,19.2857,-49.8726
1,36,19.2857,-48.7261
1,37,19.2857,-47.5796
1,38,19.2857,-46.4331
1,39,19.2857,-45.2866
1,40,19.2857,-44.1401
1,41,19.2857,-42.9936
1,42,19.2857,-41.8471
1,43,19.2857,-40.7006
1,44,19.2857,-39.5541
1,45,19.2857,-38.4076
1,46,19.2857,-37.2611
1,47,19.2857,-36.1146
1,48,19.2857,-34.9682
1,49,19.2857,-33.8217
1,50,19.2857,-32.6752
1,51,19.2857,-31.5287
1,52,19.2857,-30.3822
1,53,19.2857,-29.2357
1,54,19.2857,-28.0892
1,55,19.2857,-26.9427
1,56,19.2857,-25.7962
1,57,19.2857,-24.6497
1,58,19.2857,-23.5032
1,59,19.2857,-22.3567
1,60,19.2857,-21.2102
1,61,19.2857,-20.0637
1,62,19.2857,-18.9172
1,63,19.2857,-17.7707
1,64,19.2857,-16.6242
1,65,19.2857,-15.4777
1,66,19.2857,-14.3312
1,67,19.2857,-13.1847
1,68,19.2857,-12.0382
1,69,19.2857,-10.8917
1,70,19.2857,-9.74522
1,71,19.2857,-8.59873
1,72,19.2857,-7.45223
1,73,19.2857,-6.30573
1,74,19.2857,-5.15924
1,75,19.2857,-4.01274
1,76,19.2857,-2.86624
1,77,19.2857,-1.71975
1,78,19.2857,-0.573248
1,79,19.2857,0.573248
1,80,19.2857,1.71975
1,81,19.2857,2.86624
1,82,19.2857,4.01274
1,83,19.2857,5.15924
1,84,19.2857,6.30573
1,85,19.2857,7.45223
1,86,19.2857,8.59873
1,87,19.2857,9.74522
1,88,19.2857,10.8917
1,89,19.2857,12.0382
1,90,19.2857,13.1847
1,91,19.2857,14.3312
1,92,19.2857,15.4777
1,93,19.2857,16.6242
1,94,19.2857,17.7707
1,95,19.2857,18.9172
1,96,19.2857,20.0637
1,97,19.2857,21.2102
1,98,19.2857,22.3567
1,99,19.2857,23.5032
1,100,19.2857,24.6497
1,101,19.2857,25.7962
1,102,19.2857,26.9427
1,103,19.2857,28.0892
1,104,19.2857,29.2357
1,105,19.2857,30.3822
1,106,19.2857,31.5287
1,107,19.2857,32.6752
1,108,19.2857,33.8217
1,109,19.2857,34.9682
1,110,19.2857,36.1146
1,111,19.2857,37.2611
1,112,19.2857,38.4076
1,113,19.2857,39.5541
1,114,19.2857,40.7006
1,115,19.2857,41.8471
1,116,19.2857,42.9936
1,117,19.2857,44.1401
1,118,19.2857,45.2866
1,119,19.2857,46.4331
1,120,19.2857,47.5796
1,121,19.2857,48.7261
1,122,19.2857,49.8726
1,123,19.2857,51.0191
1,124,19.2857,52.1656
1,125,19.2857,53.3121
1,126,19.2857,54.4586
1,127,19.2857,55.6051
1,128,19.2857,56.7516
1,129,19.2857,57.8981
1,130,19.2857,59.0446
1,131,18.2143,-90
1,132,18.2143,-88.8608
1,133,18.2143,-87.7215
1,134,18.2143,-86.5823
1,135,18.2143,-85.443
1,136,18.2143,-84.3038
1,137,18.2143,-83.1646
1,138,18.2143,-82.0253
1,139,18.2143,-80.8861
1,140,18.2143,-79.7468
1,141,18.2143,-78.6076
1,142,18.2143,-77.4684
1,143,18.2143,-76.3291
1,144,18.2143,-75.1899
1,145,18.2143,-74.0506
1,146,18.2143,-72.9114
1,147,18.2143,-71.7722
1,148,18.2143,-70.6329
1,149,18.2143,-69.4937
1,150,18.2143,-68.3544
1,151,18.2143,-67.2152
1,152,18.2143,-66.0759
1,153,18.2143,-64.9367
1,154,18.2143,-63.7975
1,155,18.2143,-62.6582
1,156,18.2143,-61.519
1,157,18.2143,-60.3797
1,158,18.2143,-59.2405
1,159,18.2143,-58.1013
1,160,18.2143,-56.962
1,161,18.2143,-55.8228
1,162,18.2143,-54.6835
1,163,18.2143,-53.5443
1,164,18.2143,-52.4051
1,165,18.2143,-51.2658
1,166,18.2143,-50.1266
1,167,18.2143,-48.9873
1,168,18.2143,-47.8481
1,169,18.2143,-46.7089
1,170,18.2143,-45.5696
1,171,18.2143,-44.4304
1,172,18.2143,-43.2911
1,173,18.2143,-42.1519
1,174,18.2143,-41.0127
1,175,18.2143,-39.8734
1,176,18.2143,-38.7342
1,177,18.2143,-37.5949
1,178,18.2143,-36.4557
1,179,18.2143,-35.3165
1,180,18.2143,-34.1772
1,181,18.2143,-33.038
1,182,18.2143,-31.8987
1,183,18.2143,-30.7595
1,184,18.2143,-29.6203
1,185,18.2143,-28.481
1,186,18.2143,-27.3418
1,187,18.2143,-26.2025
1,188,18.2143,-25.0633
1,189,18.2143,-23.9241
1,190,18.2143,-22.7848
1,191,18.2143,-21.6456
1,192,18.2143,-20.5063
1,193,18.2143,-19.3671
1,194,18.2143,-18.2278
1,195,18.2143,-17.0886
1,196,18.2143,-15.9494
1,197,18.2143,-14.8101
1,198,18.2143,-13.6709
1,199,18.2143,-12.5316
1,200,18.2143,-11.3924
1,201,18.2143,-10.2532
1,202,18.2143,-9.11392
1,203,18.2143,-7.97468
1,204,18.2143,-6.83544
1,205,18.2143,-5.6962
1,206,18.2143,-4.55696
1,207,18.2143,-3.41772
1,208,18.2143,-2.27848
1,209,18.2143,-1.13924
1,210,18.2143,0
1,211,18.2143,1.13924
1,212,18.2143,2.27848
1,213,18.2143,3.41772
1,214,18.2143,4.55696
1,215,18.2143,5.6962
1,216,18.2143,6.83544
1,217,18.2143,7.97468
1,218,18.2143,9.11392
1,219,18.2143,10.2532
1,220,18.2143,11.3924
1,221,18.2143,12.5316
1,222,18.2143,13.6709
1,223,18.2143,14.8101
1,224,18.2143,15.9494
1,225,18.2143,17.0886
1,226,18.2143,18.2278
1,227,18.2143,19.3671
1,228,18.2143,20.5063
1,229,18.2143,21.6456
1,230,18.2143,22.7848
1,231,18.2143,23.9241
1,232,18.2143,25.0633
1,233,18.2143,26.2025
1,234,18.2143,27.3418
1,235,18.2143,28.481
1,236,18.2143,29.6203
1,237,18.2143,30.7595
1,238,18.2143,31.8987
1,239,18.2143,33.038
1,240,18.2143,34.1772
1,241,18.2143,35.3165
1,242,18.2143,36.4557
1,243,18.2143,37.5949
1,244,18.2143,38.7342
1,245,18.2143,39.8734
1,246,18.2143,41.0127
1,247,18.2143,42.1519
1,248,18.2143,43.2911
1,249,18.2143,44.4304
1,250,18.2143,45.5696
1,251,18.2143,46.7089
1,252,18.2143,47.8481
1,253,18.2143,48.9873
1,254,18.2143,50.1266
1,255,18.2143,51.2658
1,256,18.2143,52.4051
1,257,18.2143,53.5443
1,258,18.2143,54.6835
1,259,18.2143,55.8228
1,260,18.2143,56.962
1,261,18.2143,58.1013
1,262,18.2143,59.2405
1,263,17.1429,-90
1,264,17.1429,-88.8679
1,265,17.1429,-87.7358
1,266,17.1429,-86.6038
1,267,17.1429,-85.4717
1,268,17.1429,-84.3396
1,269,17.1429,-83.2075
1,270,17.1429,-82.0755
1,271,17.1429,-80.9434
1,272,17.1429,-79.8113
1,273,17.1429,-78.6792
1,274,17.1429,-77.5472
1,275,17.1429,-76.4151
1,276,17.1429,-75.283
1,277,17.1429,-74.1509
1,278,17.1429,-73.0189
1,279,17.1429,-71.8868
1,280,17.1429,-70.7547
1,281,17.1429,-69.6226
1,282,17.1429,-68.4906
1,283,17.1429,-67.3585
1,284,17.1429,-66.2264
1,285,17.1429,-65.0943
1,286,17.1429,-63.9623
1,287,17.1429,-62.8302
1,288,17.1429,-61.6981
1,289,17.1429,-60.566
1,290,17.1429,-59.434
1,291,17.1429,-58.3019
1,292,17.1429,-57.1698
1,293,17.1429,-56.0377
1,294,17.1429,-54.9057
1,295,17.1429,-53.7736
1,296,17.1429,-52.6415
1,297,17.1429,-51.5094
1,298,17.1429,-50.3774
1,299,17.1429,-49.2453
1,300,17.1429,-48.1132
1,301,17.1429,-46.9811
1,302,17.1429,-45.8491
1,303,17.1429,-44.717
1,304,17.1429,-43.5849
1,305,17.1429,-42.4528
1,306,17.1429,-41.3208
1,307,17.1429,-40.1887
1,308,17.1429,-39.0566
1,309,17.1429,-37.9245
1,310,17.1429,-36.7925
1,311,17.1429,-35.6604
1,312,17.1429,-34.5283
1,313,17.1429,-33.3962
1,314,17.1429,-32.2642
1,315,17.1429,-31.1321
1,316,17.1429,-30
1,317,17.1429,-28.8679
1,318,17.1429,-27.7358
1,319,17.1429,-26.6038
1,320,17.1429,-25.4717
1,321,17.1429,-24.3396
1,322,17.1429,-23.2075
1,323,17.1429,-22.0755
1,324,17.1429,-20.9434
1,325,17.1429,-19.8113
1,326,17.1429,-18.6792
1,327,17.1429,-17.5472
1,328,17.1429,-16.4151
1,329,17.1429,-15.283
1,330,17.1429,-14.1509
1,331,17.1429,-13.0189
1,332,17.1429,-11.8868
1,333,17.1429,-10.7547
1,334,17.1429,-9.62264
1,335,17.1429,-8.49057
1,336,17.1429,-7.35849
1,337,17.1429,-6.22642
1,338,17.1429,-5.09434
1,339,17.1429,-3.96226
1,340,17.1429,-2.83019
1,341,17.1429,-1.69811
1,342,17.1429,-0.566038
1,343,17.1429,0.566038
1,344,17.1429,1.69811
1,345,17.1429,2.83019
1,346,17.1429,3.96226
1,347,17.1429,5.09434
1,348,17.1429,6.22642
1,349,17.1429,7.35849
1,350,17.1429,8.49057
1,351,17.1429,9.62264
1,352,17.1429,10.7547
1,353,17.1429,11.8868
1,354,17.1429,13.0189
1,355,17.1429,14.1509
1,356,17.1429,15.283
1,357,17.1429,16.4151
1,358,17.1429,17.5472
1,359,17.1429,18.6792
1,360,17.1429,19.8113
1,361,17.1429,20.9434
1,362,17.1429,22.0755
1,363,17.1429,23.2075
1,364,17.1429,24.3396
1,365,17.1429,25.4717
1,366,17.1429,26.6038
1,367,17.1429,27.7358
1,368,17.1429,28.8679
1,369,17.1429,30
1,370,17.1429,31.1321
1,371,17.1429,32.2642
1,372,17.1429,33.3962
1,373,17.1429,34.5283
1,374,17.1429,35.6604
1,375,17.1429,36.7925
1,376,17.1429,37.9245
1,377,17.1429,39.0566
1,378,17.1429,40.1887
1,379,17.1429,41.3208
1,380,17.1429,42.4528
1,381,17.1429,43.5849
1,382,17.1429,44.717
1,383,17.1429,45.8491
1,384,17.1429,46.9811
1,385,17.1429,48.1132
1,386,17.1429,49.2453
1,387,17.1429,50.3774
1,388,17.1429,51.5094
1,389,17.1429,52.6415
1,390,17.1429,53.7736
1,391,17.1429,54.9057
1,392,17.1429,56.0377
1,393,17.1429,57.1698
1,394,17.1429,58.3019
1,395,17.1429,59.434
1,396,16.0714,-90
1,397,16.0714,-88.875
1,398,16.0714,-87.75
1,399,16.0714,-86.625
1,400,16.0714,-85.5
1,401,16.0714,-84.375
1,402,16.0714,-83.25
1,403,16.0714,-82.125
1,404,16.0714,-81
1,405,16.0714,-79.875
1,406,16.0714,-78.75
1,407,16.0714,-77.625
1,408,16.0714,-76.5
1,409,16.0714,-75.375
1,410,16.0714,-74.25
1,411,16.0714,-73.125
1,412,16.0714,-72
1,413,16.0714,-70.875
1,414,16.0714,-69.75
1,415,16.0714,-68.625
1,416,16.0714,-67.5
1,417,16.0714,-66.375
1,418,16.0714,-65.25
1,419,16.0714,-64.125
1,420,16.0714,-63
1,421,16.0714,-61.875
1,422,16.0714,-60.75
1,423,16.0714,-59.625
1,424,16.0714,-58.5
1,425,16.0714,-57.375
1,426,16.0714,-56.25
1,427,16.0714,-55.125
1,428,16.0714,-54
1,429,16.0714,-52.875
1,430,16.0714,-51.75
1,431,16.0714,-50.625
1,432,16.0714,-49.5
1,433,16.0714,-48.375
1,434,16.0714,-47.25
1,435,16.0714,-46.125
1,436,16.0714,-45
1,437,16.0714,-43.875
1,438,16.0714,-42.75
1,439,16.0714,-41.625
1,440,16.0714,-40.5
1,441,16.0714,-39.375
1,442,16.0714,-38.25
1,443,16.0714,-37.125
1,444,16.0714,-36
1,445,16.0714,-34.875
1,446,16.0714,-33.75
1,447,16.0714,-32.625
1,448,16.0714,-31.5
1,449,16.0714,-30.375
1,450,16.0714,-29.25
1,451,16.0714,-28.125
1,452,16.0714,-27
1,453,16.0714,-25.875
1,454,16.0714,-24.75
1,455,16.0714,-23.625
1,456,16.0714,-22.5
1,457,16.0714,-21.375
1,458,16.0714,-20.25
1,459,16.0714,-19.125
1,460,16.0714,-18
1,461,16.0714,-16.875
1,462,16.0714,-15.75
1,463,16.0714,-14.625
1,464,16.0714,-13.5
1,465,16.0714,-12.375
1,466,16.0714,-11.25
1,467,16.0714,-10.125
1,468,16.0714,-9
1,469,16.0714,-7.875
1,470,16.0714,-6.75
1,471,16.0714,-5.625
1,472,16.0714,-4.5
1,473,16.0714,-3.375
1,474,16.0714,-2.25
1,475,16.0714,-1.125
1,476,16.0714,0
1,477,16.0714,1.125
1,478,16.0714,2.25
1,479,16.0714,3.375
1,480,16.0714,4.5
1,481,16.0714,5.625
1,482,16.0714,6.75
1,483,16.0714,7.875
1,484,16.0714,9
1,485,16.0714,10.125
1,486,16.0714,11.25
1,487,16.0714,12.375
1,488,16.0714,13.5
1,489,16.0714,14.625
1,490,16.0714,15.75
1,491,16.0714,16.875
1,492,16.0714,18
1,493,16.0714,19.125
1,494,16.0714,20.25
1,495,16.0714,21.375
1,496,16.0714,22.5
1,497,16.0714,23.625
1,498,16.0714,24.75
1,499,16.0714,25.875
1,500,16.0714,27
1,501,16.0714,28.125
1,502,16.0714,29.25
1,503,16.0714,30.375
1,504,16.0714,31.5
1,505,16.0714,32.625
1,506,16.0714,33.75
1,507,16.0714,34.875
1,508,16.0714,36
1,509,16.0714,37.125
1,510,16.0714,38.25
1,511,16.0714,39.375
1,512,16.0714,40.5
1,513,16.0714,41.625
1,514,16.0714,42.75
1,515,16.0714,43.875
1,516,16.0714,45
1,517,16.0714,46.125
1,518,16.0714,47.25
1,519,16.0714,48.375
1,520,16.0714,49.5
1,521,16.0714,50.625
1,522,16.0714,51.75
1,523,16.0714,52.875
1,524,16.0714,54
1,525,16.0714,55.125
1,526,16.0714,56.25
1,527,16.0714,57.375
1,528,16.0714,58.5
1,529,16.0714,59.625
1,530,15,-90
1,531,15,-88.8785
1,532,15,-87.757
1,533,15,-86.6355
1,534,15,-85.514
1,535,15,-84.3925
1,536,15,-83.271
1,537,15,-82.1495
1,538,15,-81.028
1,539,15,-79.9065
1,540,15,-78.785
1,541,15,-77.6636
1,542,15,-76.5421
1,543,15,-75.4206
1,544,15,-74.2991
1,545,15,-73.1776
1,546,15,-72.0561
1,547,15,-70.9346
1,548,15,-69.8131
1,549,15,-68.6916
1,550,15,-67.5701
1,551,15,-66.4486
1,552,15,-65.3271
1,553,15,-64.2056
1,554,15,-63.0841
1,555,15,-61.9626
1,556,15,-60.8411
1,557,15,-59.7196
1,558,15,-58.5981
1,559,15,-57.4766
1,560,15,-56.3551
1,561,15,-55.2336
1,562,15,-54.1121
1,563,15,-52.9907
1,564,15,-51.8692
1,565,15,-50.7477
1,566,15,-49.6262
1,567,15,-48.5047
1,568,15,-47.3832
1,569,15,-46.2617
1,570,15,-45.1402
1,571,15,-44.0187
1,572,15,-42.8972
1,573,15,-41.7757
1,574,15,-40.6542
1,575,15,-39.5327
1,576,15,-38.4112
1,577,15,-37.2897
1,578,15,-36.1682
1,579,15,-35.0467
1,580,15,-33.9252
1,581,15,-32.8037
1,582,15,-31.6822
1,583,15,-30.5607
1,584,15,-29.4393
1,585,15,-28.3178
1,586,15,-27.1963
1,587,15,-26.0748
1,588,15,-24.9533
1,589,15,-23.8318
1,590,15,-22.7103
1,591,15,-21.5888
1,592,15,-20.4673
1,593,15,-19.3458
1,594,15,-18.2243
1,595,15,-17.1028
1,596,15,-15.9813
1,597,15,-14.8598
1,598,15,-13.7383
1,599,15,-12.6168
1,600,15,-11.4953
1,601,15,-10.3738
1,602,15,-9.25234
1,603,15,-8.13084
1,604,15,-7.00935
1,605,15,-5.88785
1,606,15,-4.76636
1,607,15,-3.64486
1,608,15,-2.52336
1,609,15,-1.40187
1,610,15,-0.280374
1,611,15,0.841121
1,612,15,1.96262
1,613,15,3.08411
1,614,15,4.20561
1,615,15,5.3271
1,616,15,6.4486
1,617,15,7.57009
1,618,15,8.69159
1,619,15,9.81308
1,620,15,10.9346
1,621,15,12.0561
1,622,15,13.1776
1,623,15,14.2991
1,624,15,15.4206
1,625,15,16.5421
1,626,15,17.6636
1,627,15,18.785
1,628,15,19.9065
1,629,15,21.028
1,630,15,22.1495
1,631,15,23.271
1,632,15,24.3925
1,633,15,25.514
1,634,15,26.6355
1,635,15,27.757
1,636,15,28.8785
1,637,15,30
1,638,15,31.1215
1,639,15,32.243
1,640,15,33.3645
1,641,15,34.486
1,642,15,35.6075
1,643,15,36.729
1,644,15,37.8505
1,645,15,38.972
1,646,15,40.0935
1,647,15,41.215
1,648,15,42.3364
1,649,15,43.4579
1,650,15,44.5794
1,651,15,45.7009
1,652,15,46.8224
1,653,15,47.9439
1,654,15,49.0654
1,655,15,50.1869
1,656,15,51.3084
1,657,15,52.4299
1,658,15,53.5514
1,659,15,54.6729
1,660,15,55.7944
1,661,15,56.9159
1,662,15,58.0374
1,663,15,59.1589
1,664,13.9286,-90
1,665,13.9286,-88.8854
1,666,13.9286,-87.7709
1,667,13.9286,-86.6563
1,668,13.9286,-85.5418
1,669,13.9286,-84.4272
1,670,13.9286,-83.3127
1,671,13.9286,-82.1981
1,672,13.9286,-81.0836
1,673,13.9286,-79.969
1,674,13.9286,-78.8545
1,675,13.9286,-77.7399
1,676,13.9286,-76.6254
1,677,13.9286,-75.5108
1,678,13.9286,-74.3963
1,679,13.9286,-73.2817
1,680,13.9286,-72.1672
1,681,13.9286,-71.0526
1,682,13.9286,-69.9381
1,683,13.9286,-68.8235
1,684,13.9286,-67.709
1,685,13.9286,-66.5944
1,686,13.9286,-65.4799
1,687,13.9286,-64.3653
1,688,13.9286,-63.2508
1,689,13.9286,-62.1362
1,690,13.9286,-61.0217
1,691,13.9286,-59.9071
1,692,13.9286,-58.7926
1,693,13.9286,-57.678
1,694,13.9286,-56.5635
1,695,13.9286,-55.4489
1,696,13.9286,-54.3344
1,697,13.9286,-53.2198
1,698,13.9286,-52.1053
1,699,13.9286,-50.9907
1,700,13.9286,-49.8762
1,701,13.9286,-48.7616
1,702,13.9286,-47.6471
1,703,13.9286,-46.5325
1,704,13.9286,-45.418
1,705,13.9286,-44.3034
1,706,13.9286,-43.1889
1,707,13.9286,-42.0743
1,708,13.9286,-40.9598
1,709,13.9286,-39.8452
1,710,13.9286,-38.7307
1,711,13.9286,-37.6161
1,712,13.9286,-36.5015
1,713,13.9286,-35.387
1,714,13.9286,-34.2724
1,715,13.9286,-33.1579
1,716,13.9286,-32.0433
1,717,13.9286,-30.9288
1,718,13.9286,-29.8142
1,719,13.9286,-28.6997
1,720,13.9286,-27.5851
1,721,13.9286,-26.4706
1,722,13.9286,-25.356
1,723,13.9286,-24.2415
1,724,13.9286,-23.1269
1,725,13.9286,-22.0124
1,726,13.9286,-20.8978
1,727,13.9286,-19.7833
1,728,13.9286,-18.6687
1,729,13.9286,-17.5542
1,730,13.9286,-16.4396
1,731,13.9286,-15.3251
1,732,13.9286,-14.2105
1,733,13.9286,-13.096
1,734,13.9286,-11.9814
1,735,13.9286,-10.8669
1,736,13.9286,-9.75232
1,737,13.9286,-8.63777
1,738,13.9286,-7.52322
1,739,13.9286,-6.40867
1,740,13.9286,-5.29412
1,741,13.9286,-4.17957
1,742,13.9286,-3.06502
1,743,13.9286,-1.95046
1,744,13.9286,-0.835913
1,745,13.9286,0.278638
1,746,13.9286,1.39319
1,747,13.9286,2.50774
1,748,13.9286,3.62229
1,749,13.9286,4.73684
1,750,13.9286,5.85139
1,751,13.9286,6.96594
1,752,13.9286,8.0805
1,753,13.9286,9.19505
1,754,13.9286,10.3096
1,755,13.9286,11.4241
1,756,13.9286,12.5387
1,757,13.9286,13.6533
1,758,13.9286,14.7678
1,759,13.9286,15.8824
1,760,13.9286,16.9969
1,761,13.9286,18.1115
1,762,13.9286,19.226
1,763,13.9286,20.3406
1,764,13.9286,21.4551
1,765,13.9286,22.5697
1,766,13.9286,23.6842
1,767,13.9286,24.7988
1,768,13.9286,25.9133
1,769,13.9286,27.0279
1,770,13.9286,28.1424
1,771,13.9286,29.257
1,772,13.9286,30.3715
1,773,13.9286,31.4861
1,774,13.9286,32.6006
1,775,13.9286,33.7152
1,776,13.9286,34.8297
1,777,13.9286,35.9443
1,778,13.9286,37.0588
1,779,13.9286,38.1734
1,780,13.9286,39.2879
1,781,13.9286,40.4025
1,782,13.9286,41.517
1,783,13.9286,42.6316
1,784,13.9286,43.7461
1,785,13.9286,44.8607
1,786,13.9286,45.9752
1,787,13.9286,47.0898
1,788,13.9286,48.2043
1,789,13.9286,49.3189
1,790,13.9286,50.4334
1,791,13.9286,51.548
1,792,13.9286,52.6625
1,793,13.9286,53.7771
1,794,13.9286,54.8916
1,795,13.9286,56.0062
1,796,13.9286,57.1207
1,797,13.9286,58.2353
1,798,13.9286,59.3498
1,799,12.8571,-90
1,800,12.8571,-88.8889
1,801,12.8571,-87.7778
1,802,12.8571,-86.6667
1,803,12.8571,-85.5556
1,804,12.8571,-84.4444
1,805,12.8571,-83.3333
1,806,12.8571,-82.2222
1,807,12.8571,-81.1111
1,808,12.8571,-80
1,809,12.8571,-78.8889
1,810,12.8571,-77.7778
1,811,12.8571,-76.6667
1,812,12.8571,-75.5556
1,813,12.8571,-74.4444
1,814,12.8571,-73.3333
1,815,12.8571,-72.2222
1,816,12.8571,-71.1111
1,817,12.8571,-70
1,818,12.8571,-68.8889
1,819,12.8571,-67.7778
1,820,12.8571,-66.6667
1,821,12.8571,-65.5556
1,822,12.8571,-64.4444
1,823,12.8571,-63.3333
1,824,12.8571,-62.2222
1,825,12.8571,-61.1111
1,826,12.8571,-60
1,827,12.8571,-58.8889
1,828,12.8571,-57.7778
1,829,12.8571,-56.6667
1,830,12.8571,-55.5556
1,831,12.8571,-54.4444
1,832,12.8571,-53.3333
1,833,12.8571,-52.2222
1,834,12.8571,-51.1111
1,835,12.8571,-50
1,836,12.8571,-48.8889
1,837,12.8571,-47.7778
1,838,12.8571,-46.6667
1,839,12.8571,-45.5556
1,840,12.8571,-44.4444
1,841,12.8571,-43.3333
1,842,12.8571,-42.2222
1,843,12.8571,-41.1111
1,844,12.8571,-40
1,845,12.8571,-38.8889
1,846,12.8571,-37.7778
1,847,12.8571,-36.6667
1,848,12.8571,-35.5556
1,849,12.8571,-34.4444
1,850,12.8571,-33.3333
1,851,12.8571,-32.2222
1,852,12.8571,-31.1111
1,853,12.8571,-30
1,854,12.8571,-28.8889
1,855,12.8571,-27.7778
1,856,12.8571,-26.6667
1,857,12.8571,-25.5556
1,858,12.8571,-24.4444
1,859,12.8571,-23.3333
1,860,12.8571,-22.2222
1,861,12.8571,-21.1111
1,862,12.8571,-20
1,863,12.8571,-18.8889
1,864,12.8571,-17.7778
1,865,12.8571,-16.6667
1,866,12.8571,-15.5556
1,867,12.8571,-14.4444
1,868,12.8571,-13.3333
1,869,12.8571,-12.2222
1,870,12.8571,-11.1111
1,871,12.8571,-10
1,872,12.8571,-8.88889
1,873,12.8571,-7.77778
1,874,12.8571,-6.66667
1,875,12.8571,-5.55556
1,876,12.8571,-4.44444
1,877,12.8571,-3.33333
1,878,12.8571,-2.22222
1,879,12.8571,-1.11111
1,880,12.8571,0
1,881,12.8571,1.11111
1,882,12.8571,2.22222
1,883,12.8571,3.33333
1,884,12.8571,4.44444
1,885,12.8571,5.55556
1,886,12.8571,6.66667
1,887,12.8571,7.77778
1,888,12.8571,8.88889
1,889,12.8571,10
1,890,12.8571,11.1111
1,891,12.8571,12.2222
1,892,12.8571,13.3333
1,893,12.8571,14.4444
1,894,12.8571,15.5556
1,895,12.8571,16.6667
1,896,12.8571,17.7778
1,897,12.8571,18.8889
1,898,12.8571,20
1,899,12.8571,21.1111
1,900,12.8571,22.2222
1,901,12.8571,23.3333
1,902,12.8571,24.4444
1,903,12.8571,25.5556
1,904,12.8571,26.6667
1,905,12.8571,27.7778
1,906,12.8571,28.8889
1,907,12.8571,30
1,908,12.8571,31.1111
1,909,12.8571,32.2222
1,910,12.8571,33.3333
1,911,12.8571,34.4444
1,912,12.8571,35.5556
1,913,12.8571,36.6667
1,914,12.8571,37.7778
1,915,12.8571,38.8889
1,916,12.8571,40
1,917,12.8571,41.1111
1,918,12.8571,42.2222
1,919,12.8571,43.3333
1,920,12.8571,44.4444
1,921,12.8571,45.5556
1,922,12.8571,46.6667
1,923,12.8571,47.7778
1,924,12.8571,48.8889
1,925,12.8571,50
1,926,12.8571,51.1111
1,927,12.8571,52.2222
1,928,12.8571,53.3333
1,929,12.8571,54.4444
1,930,12.8571,55.5556
1,931,12.8571,56.6667
1,932,12.8571,57.7778
1,933,12.8571,58.8889
1,934,12.8571,60
1,935,11.7857,-90
1,936,11.7857,-88.8957
1,937,11.7857,-87.7914
1,938,11.7857,-86.6871
1,939,11.7857,-85.5828
1,940,11.7857,-84.4785
1,941,11.7857,-83.3742
1,942,11.7857,-82.2699
1,943,11.7857,-81.1656
1,944,11.7857,-80.0613
1,945,11.7857,-78.9571
1,946,11.7857,-77.8528
1,947,11.7857,-76.7485
1,948,11.7857,-75.6442
1,949,11.7857,-74.5399
1,950,11.7857,-73.4356
1,951,11.7857,-72.3313
1,952,11.7857,-71.227
1,953,11.7857,-70.1227
1,954,11.7857,-69.0184
1,955,11.7857,-67.9141
1,956,11.7857,-66.8098
1,957,11.7857,-65.7055
1,958,11.7857,-64.6012
1,959,11.7857,-63.4969
1,960,11.7857,-62.3926
1,961,11.7857,-61.2883
1,962,11.7857,-60.184
1,963,11.7857,-59.0798
1,964,11.7857,-57.9755
1,965,11.7857,-56.8712
1,966,11.7857,-55.7669
1,967,11.7857,-54.6626
1,968,11.7857,-53.5583
1,969,11.7857,-52.454
1,970,11.7857,-51.3497
1,971,11.7857,-50.2454
1,972,11.7857,-49.1411
1,973,11.7857,-48.0368
1,974,11.7857,-46.9325
1,975,11.7857,-45.8282
1,976,11.7857,-44.7239
1,977,11.7857,-43.6196
1,978,11.7857,-42.5153
1,979,11.7857,-41.411
1,980,11.7857,-40.3067
1,981,11.7857,-39.2025
1,982,11.7857,-38.0982
1,983,11.7857,-36.9939
1,984,11.7857,-35.8896
1,985,11.7857,-34.7853
1,986,11.7857,-33.681
1,987,11.7857,-32.5767
1,988,11.7857,-31.4724
1,989,11.7857,-30.3681
1,990,11.7857,-29.2638
1,991,11.7857,-28.1595
1,992,11.7857,-27.0552
1,993,11.7857,-25.9509
1,994,11.7857,-24.8466
1,995,11.7857,-23.7423
1,996,11.7857,-22.638
1,997,11.7857,-21.5337
1,998,11.7857,-20.4294
1,999,11.7857,-19.3252
1,1000,11.7857,-18.2209
1,1001,11.7857,-17.1166
1,1002,11.7857,-16.0123
1,1003,11.7857,-14.908
1,1004,11.7857,-13.8037
1,1005,11.7857,-12.6994
1,1006,11.7857,-11.5951
1,1007,11.7857,-10.4908
1,1008,11.7857,-9.3865
1,1009,11.7857,-8.28221
1,1010,11.7857,-7.17791
1,1011,11.7857,-6.07362
1,1012,11.7857,-4.96933
1,1013,11.7857,-3.86503
1,1014,11.7857,-2.76074
1,1015,11.7857,-1.65644
1,1016,11.7857,-0.552147
1,1017,11.7857,0.552147
1,1018,11.7857,1.65644
1,1019,11.7857,2.76074
1,1020,11.7857,3.86503
1,1021,11.7857,4.96933
1,1022,11.7857,6.07362
1,1023,11.7857,7.17791
1,1024,11.7857,8.28221
1,1025,11.7857,9.3865
1,1026,11.7857,10.4908
1,1027,11.7857,11.5951
1,1028,11.7857,12.6994
1,1029,11.7857,13.8037
1,1030,11.7857,14.908
1,1031,11.7857,16.0123
1,1032,11.7857,17.1166
1,1033,11.7857,18.2209
1,1034,11.7857,19.3252
1,1035,11.7857,20.4294
1,1036,11.7857,21.5337
1,1037,11.7857,22.638
1,1038,11.7857,23.7423
1,1039,11.7857,24.8466
1,1040,11.7857,25.9509
1,1041,11.7857,27.0552
1,1042,11.7857,28.1595
1,1043,11.7857,29.2638
1,1044,11.7857,30.3681
1,1045,11.7857,31.4724
1,1046,11.7857,32.5767
1,1047,11.7857,33.681
1,1048,11.7857,34.7853
1,1049,11.7857,35.8896
1,1050,11.7857,36.9939
1,1051,11.7857,38.0982
1,1052,11.7857,39.2025
1,1053,11.7857,40.3067
1,1054,11.7857,41.411
1,1055,11.7857,42.5153
1,1056,11.7857,43.6196
1,1057,11.7857,44.7239
1,1058,11.7857,45.8282
1,1059,11.7857,46.9325
1,1060,11.7857,48.0368
1,1061,11.7857,49.1411
1,1062,11.7857,50.2454
1,1063,11.7857,51.3497
1,1064,11.7857,52.454
1,1065,11.7857,53.5583
1,1066,11.7857,54.6626
1,1067,11.7857,55.7669
1,1068,11.7857,56.8712
1,1069,11.7857,57.9755
1,1070,11.7857,59.0798
1,1071,10.7143,-90
1,1072,10.7143,-88.8991
1,1073,10.7143,-87.7982
1,1074,10.7143,-86.6972
1,1075,10.7143,-85.5963
1,1076,10.7143,-84.4954
1,1077,10.7143,-83.3945
1,1078,10.7143,-82.2936
1,1079,10.7143,-81.1927
1,1080,10.7143,-80.0917
1,1081,10.7143,-78.9908
1,1082,10.7143,-77.8899
1,1083,10.7143,-76.789
1,1084,10.7143,-75.6881
1,1085,10.7143,-74.5872
1,1086,10.7143,-73.4862
1,1087,10.7143,-72.3853
1,1088,10.7143,-71.2844
1,1089,10.7143,-70.1835
1,1090,10.7143,-69.0826
1,1091,10.7143,-67.9817
1,1092,10.7143,-66.8807
1,1093,10.7143,-65.7798
1,1094,10.7143,-64.6789
1,1095,10.7143,-63.578
1,1096,10.7143,-62.4771
1,1097,10.7143,-61.3761
1,1098,10.7143,-60.2752
1,1099,10.7143,-59.1743
1,1100,10.7143,-58.0734
1,1101,10.7143,-56.9725
1,1102,10.7143,-55.8716
1,1103,10.7143,-54.7706
1,1104,10.7143,-53.6697
1,1105,10.7143,-52.5688
1,1106,10.7143,-51.4679
1,1107,10.7143,-50.367
1,1108,10.7143,-49.2661
1,1109,10.7143,-48.1651
1,1110,10.7143,-47.0642
1,1111,10.7143,-45.9633
1,1112,10.7143,-44.8624
1,1113,10.7143,-43.7615
1,1114,10.7143,-42.6606
1,1115,10.7143,-41.5596
1,1116,10.7143,-40.4587
1,1117,10.7143,-39.3578
1,1118,10.7143,-38.2569
1,1119,10.7143,-37.156
1,1120,10.7143,-36.055
1,1121,10.7143,-34.9541
1,1122,10.7143,-33.8532
1,1123,10.7143,-32.7523
1,1124,10.7143,-31.6514
1,1125,10.7143,-30.5505
1,1126,10.7143,-29.4495
1,1127,10.7143,-28.3486
1,1128,10.7143,-27.2477
1,1129,10.7143,-26.1468
1,1130,10.7143,-25.0459
1,1131,10.7143,-23.945
1,1132,10.7143,-22.844
1,1133,10.7143,-21.7431
1,1134,10.7143,-20.6422
1,1135,10.7143,-19.5413
1,1136,10.7143,-18.4404
1,1137,10.7143,-17.3394
1,1138,10.7143,-16.2385
1,1139,10.7143,-15.1376
1,1140,10.7143,-14.0367
1,1141,10.7143,-12.9358
1,1142,10.7143,-11.8349
1,1143,10.7143,-10.7339
1,1144,10.7143,-9.63303
1,1145,10.7143,-8.53211
1,1146,10.7143,-7.43119
1,1147,10.7143,-6.33028
1,1148,10.7143,-5.22936
1,1149,10.7143,-4.12844
1,1150,10.7143,-3.02752
1,1151,10.7143,-1.92661
1,1152,10.7143,-0.825688
1,1153,10.7143,0.275229
1,1154,10.7143,1.37615
1,1155,10.7143,2.47706
1,1156,10.7143,3.57798
1,1157,10.7143,4.6789
1,1158,10.7143,5.77982
1,1159,10.7143,6.88073
1,1160,10.7143,7.98165
1,1161,10.7143,9.08257
1,1162,10.7143,10.1835
1,1163,10.7143,11.2844
1,1164,10.7143,12.3853
1,1165,10.7143,13.4862
1,1166,10.7143,14.5872
1,1167,10.7143,15.6881
1,1168,10.7143,16.789
1,1169,10.7143,17.8899
1,1170,10.7143,18.9908
1,1171,10.7143,20.0917
1,1172,10.7143,21.1927
1,1173,10.7143,22.2936
1,1174,10.7143,23.3945
1,1175,10.7143,24.4954
1,1176,10.7143,25.5963
1,1177,10.7143,26.6972
1,1178,10.7143,27.7982
1,1179,10.7143,28.8991
1,1180,10.7143,30
1,1181,10.7143,31.1009
1,1182,10.7143,32.2018
1,1183,10.7143,33.3028
1,1184,10.7143,34.4037
1,1185,10.7143,35.5046
1,1186,10.7143,36.6055
1,1187,10.7143,37.7064
1,1188,10.7143,38.8073
1,1189,10.7143,39.9083
1,1190,10.7143,41.0092
1,1191,10.7143,42.1101
1,1192,10.7143,43.211
1,1193,10.7143,44.3119
1,1194,10.7143,45.4128
1,1195,10.7143,46.5138
1,1196,10.7143,47.6147
1,1197,10.7143,48.7156
1,1198,10.7143,49.8165
1,1199,10.7143,50.9174
1,1200,10.7143,52.0183
1,1201,10.7143,53.1193
1,1202,10.7143,54.2202
1,1203,10.7143,55.3211
1,1204,10.7143,56.422
1,1205,10.7143,57.5229
1,1206,10.7143,58.6239
1,1207,10.7143,59.7248
1,1208,9.64286,-90
1,1209,9.64286,-88.9024
1,1210,9.64286,-87.8049
1,1211,9.64286,-86.7073
1,1212,9.64286,-85.6098
1,1213,9.64286,-84.5122
1,1214,9.64286,-83.4146
1,1215,9.64286,-82.3171
1,1216,9.64286,-81.2195
1,1217,9.64286,-80.122
1,1218,9.64286,-79.0244
1,1219,9.64286,-77.9268
1,1220,9.64286,-76.8293
1,1221,9.64286,-75.7317
1,1222,9.64286,-74.6341
1,1223,9.64286,-73.5366
1,1224,9.64286,-72.439
1,1225,9.64286,-71.3415
1,1226,9.64286,-70.2439
1,1227,9.64286,-69.1463
1,1228,9.64286,-68.0488
1,1229,9.64286,-66.9512
1,1230,9.64286,-65.8537
1,1231,9.64286,-64.7561
1,1232,9.64286,-63.6585
1,1233,9.64286,-62.561
1,1234,9.64286,-61.4634
1,1235,9.64286,-60.3659
1,1236,9.64286,-59.2683
1,1237,9.64286,-58.1707
1,1238,9.64286,-57.0732
1,1239,9.64286,-55.9756
1,1240,9.64286,-54.878
1,1241,9.64286,-53.7805
1,1242,9.64286,-52.6829
1,1243,9.64286,-51.5854
1,1244,9.64286,-50.4878
1,1245,9.64286,-49.3902
1,1246,9.64286,-48.2927
1,1247,9.64286,-47.1951
1,1248,9.64286,-46.0976
1,1249,9.64286,-45
1,1250,9.64286,-43.9024
1,1251,9.64286,-42.8049
1,1252,9.64286,-41.7073
1,1253,9.64286,-40.6098
1,1254,9.64286,-39.5122
1,1255,9.64286,-38.4146
1,1256,9.64286,-37.3171
1,1257,9.64286,-36.2195
1,1258,9.64286,-35.122
1,1259,9.64286,-34.0244
1,1260,9.64286,-32.9268
1,1261,9.64286,-31.8293
1,1262,9.64286,-30.7317
1,1263,9.64286,-29.6341
1,1264,9.64286,-28.5366
1,1265,9.64286,-27.439
1,1266,9.64286,-26.3415
1,1267,9.64286,-25.2439
1,1268,9.64286,-24.1463
1,1269,9.64286,-23.0488
1,1270,9.64286,-21.9512
1,1271,9.64286,-20.8537
1,1272,9.64286,-19.7561
1,1273,9.64286,-18.6585
1,1274,9.64286,-17.561
1,1275,9.64286,-16.4634
1,1276,9.64286,-15.3659
1,1277,9.64286,-14.2683
1,1278,9.64286,-13.1707
1,1279,9.64286,-12.0732
1,1280,9.64286,-10.9756
1,1281,9.64286,-9.87805
1,1282,9.64286,-8.78049
1,1283,9.64286,-7.68293
1,1284,9.64286,-6.58537
1,1285,9.64286,-5.4878
1,1286,9.64286,-4.39024
1,1287,9.64286,-3.29268
1,1288,9.64286,-2.19512
1,1289,9.64286,-1.09756
1,1290,9.64286,-1.27222e-14
1,1291,9.64286,1.09756
1,1292,9.64286,2.19512
1,1293,9.64286,3.29268
1,1294,9.64286,4.39024
1,1295,9.64286,5.4878
1,1296,9.64286,6.58537
1,1297,9.64286,7.68293
1,1298,9.64286,8.78049
1,1299,9.64286,9.87805
1,1300,9.64286,10.9756
1,1301,9.64286,12.0732
1,1302,9.64286,13.1707
1,1303,9.64286,14.2683
1,1304,9.64286,15.3659
1,1305,9.64286,16.4634
1,1306,9.64286,17.561
1,1307,9.64286,18.6585
1,1308,9.64286,19.7561
1,1309,9.64286,20.8537
1,1310,9.64286,21.9512
1,1311,9.64286,23.0488
1,1312,9.64286,24.1463
1,1313,9.64286,25.2439
1,1314,9.64286,26.3415
1,1315,9.64286,27.439
1,1316,9.64286,28.5366
1,1317,9.64286,29.6341
1,1318,9.64286,30.7317
1,1319,9.64286,31.8293
1,1320,9.64286,32.9268
1,1321,9.64286,34.0244
1,1322,9.64286,35.122
1,1323,9.64286,36.2195
1,1324,9.64286,37.3171
1,1325,9.64286,38.4146
1,1326,9.64286,39.5122
1,1327,9.64286,40.6098
1,1328,9.64286,41.7073
1,1329,9.64286,42.8049
1,1330,9.64286,43.9024
1,1331,9.64286,45
1,1332,9.64286,46.0976
1,1333,9.64286,47.1951
1,1334,9.64286,48.2927
1,1335,9.64286,49.3902
1,1336,9.64286,50.4878
1,1337,9.64286,51.5854
1,1338,9.64286,52.6829
1,1339,9.64286,53.7805
1,1340,9.64286,54.878
1,1341,9.64286,55.9756
1,1342,9.64286,57.0732
1,1343,9.64286,58.1707
1,1344,9.64286,59.2683
1,1345,8.57143,-90
1,1346,8.57143,-88.9058
1,1347,8.57143,-87.8116
1,1348,8.57143,-86.7173
1,1349,8.57143,-85.6231
1,1350,8.57143,-84.5289
1,1351,8.57143,-83.4347
1,1352,8.57143,-82.3404
1,1353,8.57143,-81.2462
1,1354,8.57143,-80.152
1,1355,8.57143,-79.0578
1,1356,8.57143,-77.9635
1,1357,8.57143,-76.8693
1,1358,8.57143,-75.7751
1,1359,8.57143,-74.6809
1,1360,8.57143,-73.5866
1,1361,8.57143,-72.4924
1,1362,8.57143,-71.3982
1,1363,8.57143,-70.304
1,1364,8.57143,-69.2097
1,1365,8.57143,-68.1155
1,1366,8.57143,-67.0213
1,1367,8.57143,-65.9271
1,1368,8.57143,-64.8328
1,1369,8.57143,-63.7386
1,1370,8.57143,-62.6444
1,1371,8.57143,-61.5502
1,1372,8.57143,-60.4559
1,1373,8.57143,-59.3617
1,1374,8.57143,-58.2675
1,1375,8.57143,-57.1733
1,1376,8.57143,-56.079
1,1377,8.57143,-54.9848
1,1378,8.57143,-53.8906
1,1379,8.57143,-52.7964
1,1380,8.57143,-51.7021
1,1381,8.57143,-50.6079
1,1382,8.57143,-49.5137
1,1383,8.57143,-48.4195
1,1384,8.57143,-47.3252
1,1385,8.57143,-46.231
1,1386,8.57143,-45.1368
1,1387,8.57143,-44.0426
1,1388,8.57143,-42.9483
1,1389,8.57143,-41.8541
1,1390,8.57143,-40.7599
1,1391,8.57143,-39.6657
1,1392,8.57143,-38.5714
1,1393,8.57143,-37.4772
1,1394,8.57143,-36.383
1,1395,8.57143,-35.2888
1,1396,8.57143,-34.1945
1,1397,8.57143,-33.1003
1,1398,8.57143,-32.0061
1,1399,8.57143,-30.9119
1,1400,8.57143,-29.8176
1,1401,8.57143,-28.7234
1,1402,8.57143,-27.6292
1,1403,8.57143,-26.535
1,1404,8.57143,-25.4407
1,1405,8.57143,-24.3465
1,1406,8.57143,-23.2523
1,1407,8.57143,-22.1581
1,1408,8.57143,-21.0638
1,1409,8.57143,-19.9696
1,1410,8.57143,-18.8754
1,1411,8.57143,-17.7812
1,1412,8.57143,-16.6869
1,1413,8.57143,-15.5927
1,1414,8.57143,-14.4985
1,1415,8.57143,-13.4043
1,1416,8.57143,-12.31
1,1417,8.57143,-11.2158
1,1418,8.57143,-10.1216
1,1419,8.57143,-9.02736
1,1420,8.57143,-7.93313
1,1421,8.57143,-6.83891
1,1422,8.57143,-5.74468
1,1423,8.57143,-4.65046
1,1424,8.57143,-3.55623
1,1425,8.57143,-2.46201
1,1426,8.57143,-1.36778
1,1427,8.57143,-0.273556
1,1428,8.57143,0.820669
1,1429,8.57143,1.91489
1,1430,8.57143,3.00912
1,1431,8.57143,4.10334
1,1432,8.57143,5.19757
1,1433,8.57143,6.29179
1,1434,8.57143,7.38602
1,1435,8.57143,8.48024
1,1436,8.57143,9.57447
1,1437,8.57143,10.6687
1,1438,8.57143,11.7629
1,1439,8.57143,12.8571
1,1440,8.57143,13.9514
1,1441,8.57143,15.0456
1,1442,8.57143,16.1398
1,1443,8.57143,17.234
1,1444,8.57143,18.3283
1,1445,8.57143,19.4225
1,1446,8.57143,20.5167
1,1447,8.57143,21.6109
1,1448,8.57143,22.7052
1,1449,8.57143,23.7994
1,1450,8.57143,24.8936
1,1451,8.57143,25.9878
1,1452,8.57143,27.0821
1,1453,8.57143,28.1763
1,1454,8.57143,29.2705
1,1455,8.57143,30.3647
1,1456,8.57143,31.459
1,1457,8.57143,32.5532
1,1458,8.57143,33.6474
1,1459,8.57143,34.7416
1,1460,8.57143,35.8359
1,1461,8.57143,36.9301
1,1462,8.57143,38.0243
1,1463,8.57143,39.1185
1,1464,8.57143,40.2128
1,1465,8.57143,41.307
1,1466,8.57143,42.4012
1,1467,8.57143,43.4954
1,1468,8.57143,44.5897
1,1469,8.57143,45.6839
1,1470,8.57143,46.7781
1,1471,8.57143,47.8723
1,1472,8.57143,48.9666
1,1473,8.57143,50.0608
1,1474,8.57143,51.155
1,1475,8.57143,52.2492
1,1476,8.57143,53.3435
1,1477,8.57143,54.4377
1,1478,8.57143,55.5319
1,1479,8.57143,56.6261
1,1480,8.57143,57.7204
1,1481,8.57143,58.8146
1,1482,8.57143,59.9088
1,1483,7.5,-90
1,1484,7.5,-88.9091
1,1485,7.5,-87.8182
1,1486,7.5,-86.7273
1,1487,7.5,-85.6364
1,1488,7.5,-84.5455
1,1489,7.5,-83.4545
1,1490,7.5,-82.3636
1,1491,7.5,-81.2727
1,1492,7.5,-80.1818
1,1493,7.5,-79.0909
1,1494,7.5,-78
1,1495,7.5,-76.9091
1,1496,7.5,-75.8182
1,1497,7.5,-74.7273
1,1498,7.5,-73.6364
1,1499,7.5,-72.5455
1,1500,7.5,-71.4545
1,1501,7.5,-70.3636
1,1502,7.5,-69.2727
1,1503,7.5,-68.1818
1,1504,7.5,-67.0909
1,1505,7.5,-66
1,1506,7.5,-64.9091
1,1507,7.5,-63.8182
1,1508,7.5,-62.7273
1,1509,7.5,-61.6364
1,1510,7.5,-60.5455
1,1511,7.5,-59.4545
1,1512,7.5,-58.3636
1,1513,7.5,-57.2727
1,1514,7.5,-56.1818
1,1515,7.5,-55.0909
1,1516,7.5,-54
1,1517,7.5,-52.9091
1,1518,7.5,-51.8182
1,1519,7.5,-50.7273
1,1520,7.5,-49.6364
1,1521,7.5,-48.5455
1,1522,7.5,-47.4545
1,1523,7.5,-46.3636
1,1524,7.5,-45.2727
1,1525,7.5,-44.1818
1,1526,7.5,-43.0909
1,1527,7.5,-42
1,1528,7.5,-40.9091
1,1529,7.5,-39.8182
1,1530,7.5,-38.7273
1,1531,7.5,-37.6364
1,1532,7.5,-36.5455
1,1533,7.5,-35.4545
1,1534,7.5,-34.3636
1,1535,7.5,-33.2727
1,1536,7.5,-32.1818
1,1537,7.5,-31.0909
1,1538,7.5,-30
1,1539,7.5,-28.9091
1,1540,7.5,-27.8182
1,1541,7.5,-26.7273
1,1542,7.5,-25.6364
1,1543,7.5,-24.5455
1,1544,7.5,-23.4545
1,1545,7.5,-22.3636
1,1546,7.5,-21.2727
1,1547,7.5,-20.1818
1,1548,7.5,-19.0909
1,1549,7.5,-18
1,1550,7.5,-16.9091
1,1551,7.5,-15.8182
1,1552,7.5,-14.7273
1,1553,7.5,-13.6364
1,1554,7.5,-12.5455
1,1555,7.5,-11.4545
1,1556,7.5,-10.3636
1,1557,7.5,-9.27273
1,1558,7.5,-8.18182
1,1559,7.5,-7.09091
1,1560,7.5,-6
1,1561,7.5,-4.90909
1,1562,7.5,-3.81818
1,1563,7.5,-2.72727
1,1564,7.5,-1.63636
1,1565,7.5,-0.545455
1,1566,7.5,0.545455
1,1567,7.5,1.63636
1,1568,7.5,2.72727
1,1569,7.5,3.81818
1,1570,7.5,4.90909
1,1571,7.5,6
1,1572,7.5,7.09091
1,1573,7.5,8.18182
1,1574,7.5,9.27273
1,1575,7.5,10.3636
1,1576,7.5,11.4545
1,1577,7.5,12.5455
1,1578,7.5,13.6364
1,1579,7.5,14.7273
1,1580,7.5,15.8182
1,1581,7.5,16.9091
1,1582,7.5,18
1,1583,7.5,19.0909
1,1584,7.5,20.1818
1,1585,7.5,21.2727
1,1586,7.5,22.3636
1,1587,7.5,23.4545
1,1588,7.5,24.5455
1,1589,7.5,25.6364
1,1590,7.5,26.7273
1,1591,7.5,27.8182
1,1592,7.5,28.9091
1,1593,7.5,30
1,1594,7.5,31.0909
1,1595,7.5,32.1818
1,1596,7.5,33.2727
1,1597,7.5,34.3636
1,1598,7.5,35.4545
1,1599,7.5,36.5455
1,1600,7.5,37.6364
1,1601,7.5,38.7273
1,1602,7.5,39.8182
1,1603,7.5,40.9091
1,1604,7.5,42
1,1605,7.5,43.0909
1,1606,7.5,44.1818
1,1607,7.5,45.2727
1,1608,7.5,46.3636
1,1609,7.5,47.4545
1,1610,7.5,48.5455
1,1611,7.5,49.6364
1,1612,7.5,50.7273
1,1613,7.5,51.8182
1,1614,7.5,52.9091
1,1615,7.5,54
1,1616,7.5,55.0909
1,1617,7.5,56.1818
1,1618,7.5,57.2727
1,1619,7.5,58.3636
1,1620,7.5,59.4545
1,1621,6.42857,-90
1,1622,6.42857,-88.9124
1,1623,6.42857,-87.8248
1,1624,6.42857,-86.7372
1,1625,6.42857,-85.6495
1,1626,6.42857,-84.5619
1,1627,6.42857,-83.4743
1,1628,6.42857,-82.3867
1,1629,6.42857,-81.2991
1,1630,6.42857,-80.2115
1,1631,6.42857,-79.1239
1,1632,6.42857,-78.0363
1,1633,6.42857,-76.9486
1,1634,6.42857,-75.861
1,1635,6.42857,-74.7734
1,1636,6.42857,-73.6858
1,1637,6.42857,-72.5982
1,1638,6.42857,-71.5106
1,1639,6.42857,-70.423
1,1640,6.42857,-69.3353
1,1641,6.42857,-68.2477
1,1642,6.42857,-67.1601
1,1643,6.42857,-66.0725
1,1644,6.42857,-64.9849
1,1645,6.42857,-63.8973
1,1646,6.42857,-62.8097
1,1647,6.42857,-61.7221
1,1648,6.42857,-60.6344
1,1649,6.42857,-59.5468
1,1650,6.42857,-58.4592
1,1651,6.42857,-57.3716
1,1652,6.42857,-56.284
1,1653,6.42857,-55.1964
1,1654,6.42857,-54.1088
1,1655,6.42857,-53.0211
1,1656,6.42857,-51.9335
1,1657,6.42857,-50.8459
1,1658,6.42857,-49.7583
1,1659,6.42857,-48.6707
1,1660,6.42857,-47.5831
1,1661,6.42857,-46.4955
1,1662,6.42857,-45.4079
1,1663,6.42857,-44.3202
1,1664,6.42857,-43.2326
1,1665,6.42857,-42.145
1,1666,6.42857,-41.0574
1,1667,6.42857,-39.9698
1,1668,6.42857,-38.8822
1,1669,6.42857,-37.7946
1,1670,6.42857,-36.7069
1,1671,6.42857,-35.6193
1,1672,6.42857,-34.5317
1,1673,6.42857,-33.4441
1,1674,6.42857,-32.3565
1,1675,6.42857,-31.2689
1,1676,6.42857,-30.1813
1,1677,6.42857,-29.0937
1,1678,6.42857,-28.006
1,1679,6.42857,-26.9184
1,1680,6.42857,-25.8308
1,1681,6.42857,-24.7432
1,1682,6.42857,-23.6556
1,1683,6.42857,-22.568
1,1684,6.42857,-21.4804
1,1685,6.42857,-20.3927
1,1686,6.42857,-19.3051
1,1687,6.42857,-18.2175
1,1688,6.42857,-17.1299
1,1689,6.42857,-16.0423
1,1690,6.42857,-14.9547
1,1691,6.42857,-13.8671
1,1692,6.42857,-12.7795
1,1693,6.42857,-11.6918
1,1694,6.42857,-10.6042
1,1695,6.42857,-9.51662
1,1696,6.42857,-8.429
1,1697,6.42857,-7.34139
1,1698,6.42857,-6.25378
1,1699,6.42857,-5.16616
1,1700,6.42857,-4.07855
1,1701,6.42857,-2.99094
1,1702,6.42857,-1.90332
1,1703,6.42857,-0.81571
1,1704,6.42857,0.271903
1,1705,6.42857,1.35952
1,1706,6.42857,2.44713
1,1707,6.42857,3.53474
1,1708,6.42857,4.62236
1,1709,6.42857,5.70997
1,1710,6.42857,6.79758
1,1711,6.42857,7.8852
1,1712,6.42857,8.97281
1,1713,6.42857,10.0604
1,1714,6.42857,11.148
1,1715,6.42857,12.2356
1,1716,6.42857,13.3233
1,1717,6.42857,14.4109
1,1718,6.42857,15.4985
1,1719,6.42857,16.5861
1,1720,6.42857,17.6737
1,1721,6.42857,18.7613
1,1722,6.42857,19.8489
1,1723,6.42857,20.9366
1,1724,6.42857,22.0242
1,1725,6.42857,23.1118
1,1726,6.42857,24.1994
1,1727,6.42857,25.287
1,1728,6.42857,26.3746
1,1729,6.42857,27.4622
1,1730,6.42857,28.5498
1,1731,6.42857,29.6375
1,1732,6.42857,30.7251
1,1733,6.42857,31.8127
1,1734,6.42857,32.9003
1,1735,6.42857,33.9879
1,1736,6.42857,35.0755
1,1737,6.42857,36.1631
1,1738,6.42857,37.2508
1,1739,6.42857,38.3384
1,1740,6.42857,39.426
1,1741,6.42857,40.5136
1,1742,6.42857,41.6012
1,1743,6.42857,42.6888
1,1744,6.42857,43.7764
1,1745,6.42857,44.864
1,1746,6.42857,45.9517
1,1747,6.42857,47.0393
1,1748,6.42857,48.1269
1,1749,6.42857,49.2145
1,1750,6.42857,50.3021
1,1751,6.42857,51.3897
1,1752,6.42857,52.4773
1,1753,6.42857,53.565
1,1754,6.42857,54.6526
1,1755,6.42857,55.7402
1,1756,6.42857,56.8278
1,1757,6.42857,57.9154
1,1758,6.42857,59.003
1,1759,5.35714,-90
1,1760,5.35714,-88.9124
1,1761,5.35714,-87.8248
1,1762,5.35714,-86.7372
1,1763,5.35714,-85.6495
1,1764,5.35714,-84.5619
1,1765,5.35714,-83.4743
1,1766,5.35714,-82.3867
1,1767,5.35714,-81.2991
1,1768,5.35714,-80.2115
1,1769,5.35714,-79.1239
1,1770,5.35714,-78.0363
1,1771,5.35714,-76.9486
1,1772,5.35714,-75.861
1,1773,5.35714,-74.7734
1,1774,5.35714,-73.6858
1,1775,5.35714,-72.5982
1,1776,5.35714,-71.5106
1,1777,5.35714,-70.423
1,1778,5.35714,-69.3353
1,1779,5.35714,-68.2477
1,1780,5.35714,-67.1601
1,1781,5.35714,-66.0725
1,1782,5.35714,-64.9849
1,1783,5.35714,-63.8973
1,1784,5.35714,-62.8097
1,1785,5.35714,-61.7221
1,1786,5.35714,-60.6344
1,1787,5.35714,-59.5468
1,1788,5.35714,-58.4592
1,1789,5.35714,-57.3716
1,1790,5.35714,-56.284
1,1791,5.35714,-55.1964
1,1792,5.35714,-54.1088
1,1793,5.35714,-53.0211
1,1794,5.35714,-51.9335
1,1795,5.35714,-50.8459
1,1796,5.35714,-49.7583
1,1797,5.35714,-48.6707
1,1798,5.35714,-47.5831
1,1799,5.35714,-46.4955
1,1800,5.35714,-45.4079
1,1801,5.35714,-44.3202
1,1802,5.35714,-43.2326
1,1803,5.35714,-42.145
1,1804,5.35714,-41.0574
1,1805,5.35714,-39.9698
1,1806,5.35714,-38.8822
1,1807,5.35714,-37.7946
1,1808,5.35714,-36.7069
1,1809,5.35714,-35.6193
1,1810,5.35714,-34.5317
1,1811,5.35714,-33.4441
1,1812,5.35714,-32.3565
1,1813,5.35714,-31.2689
1,1814,5.35714,-30.1813
1,1815,5.35714,-29.0937
1,1816,5.35714,-28.006
1,1817,5.35714,-26.9184
1,1818,5.35714,-25.8308
1,1819,5.35714,-24.7432
1,1820,5.35714,-23.6556
1,1821,5.35714,-22.568
1,1822,5.35714,-21.4804
1,1823,5.35714,-20.3927
1,1824,5.35714,-19.3051
1,1825,5.35714,-18.2175
1,1826,5.35714,-17.1299
1,1827,5.35714,-16.0423
1,1828,5.35714,-14.9547
1,1829,5.35714,-13.8671
1,1830,5.35714,-12.7795
1,1831,5.35714,-11.6918
1,1832,5.35714,-10.6042
1,1833,5.35714,-9.51662
1,1834,5.35714,-8.429
1,1835,5.35714,-7.34139
1,1836,5.35714,-6.25378
1,1837,5.35714,-5.16616
1,1838,5.35714,-4.07855
1,1839,5.35714,-2.99094
1,1840,5.35714,-1.90332
1,1841,5.35714,-0.81571
1,1842,5.35714,0.271903
1,1843,5.35714,1.35952
1,1844,5.35714,2.44713
1,1845,5.35714,3.53474
1,1846,5.35714,4.62236
1,1847,5.35714,5.70997
1,1848,5.35714,6.79758
1,1849,5.35714,7.8852
1,1850,5.35714,8.97281
1,1851,5.35714,10.0604
1,1852,5.35714,11.148
1,1853,5.35714,12.2356
1,1854,5.35714,13.3233
1,1855,5.35714,14.4109
1,1856,5.35714,15.4985
1,1857,5.35714,16.5861
1,1858,5.35714,17.6737
1,1859,5.35714,18.7613
1,1860,5.35714,19.8489
1,1861,5.35714,20.9366
1,1862,5.35714,22.0242
1,1863,5.35714,23.1118
1,1864,5.35714,24.1994
1,1865,5.35714,25.287
1,1866,5.35714,26.3746
1,1867,5.35714,27.4622
1,1868,5.35714,28.5498
1,1869,5.35714,29.6375
1,1870,5.35714,30.7251
1,1871,5.35714,31.8127
1,1872,5.35714,32.9003
1,1873,5.35714,33.9879
1,1874,5.35714,35.0755
1,1875,5.35714,36.1631
1,1876,5.35714,37.2508
1,1877,5.35714,38.3384
1,1878,5.35714,39.426
1,1879,5.35714,40.5136
1,1880,5.35714,41.6012
1,1881,5.35714,42.6888
1,1882,5.35714,43.7764
1,1883,5.35714,44.864
1,1884,5.35714,45.9517
1,1885,5.35714,47.0393
1,1886,5.35714,48.1269
1,1887,5.35714,49.2145
1,1888,5.35714,50.3021
1,1889,5.35714,51.3897
1,1890,5.35714,52.4773
1,1891,5.35714,53.565
1,1892,5.35714,54.6526
1,1893,5.35714,55.7402
1,1894,5.35714,56.8278
1,1895,5.35714,57.9154
1,1896,5.35714,59.003
1,1897,4.28571,-90
1,1898,4.28571,-88.9157
1,1899,4.28571,-87.8313
1,1900,4.28571,-86.747
1,1901,4.28571,-85.6627
1,1902,4.28571,-84.5783
1,1903,4.28571,-83.494
1,1904,4.28571,-82.4096
1,1905,4.28571,-81.3253
1,1906,4.28571,-80.241
1,1907,4.28571,-79.1566
1,1908,4.28571,-78.0723
1,1909,4.28571,-76.988
1,1910,4.28571,-75.9036
1,1911,4.28571,-74.8193
1,1912,4.28571,-73.7349
1,1913,4.28571,-72.6506
1,1914,4.28571,-71.5663
1,1915,4.28571,-70.4819
1,1916,4.28571,-69.3976
1,1917,4.28571,-68.3133
1,1918,4.28571,-67.2289
1,1919,4.28571,-66.1446
1,1920,4.28571,-65.0602
1,1921,4.28571,-63.9759
1,1922,4.28571,-62.8916
1,1923,4.28571,-61.8072
1,1924,4.28571,-60.7229
1,1925,4.28571,-59.6386
1,1926,4.28571,-58.5542
1,1927,4.28571,-57.4699
1,1928,4.28571,-56.3855
1,1929,4.28571,-55.3012
1,1930,4.28571,-54.2169
1,1931,4.28571,-53.1325
1,1932,4.28571,-52.0482
1,1933,4.28571,-50.9639
1,1934,4.28571,-49.8795
1,1935,4.28571,-48.7952
1,1936,4.28571,-47.7108
1,1937,4.28571,-46.6265
1,1938,4.28571,-45.5422
1,1939,4.28571,-44.4578
1,1940,4.28571,-43.3735
1,1941,4.28571,-42.2892
1,1942,4.28571,-41.2048
1,1943,4.28571,-40.1205
1,1944,4.28571,-39.0361
1,1945,4.28571,-37.9518
1,1946,4.28571,-36.8675
1,1947,4.28571,-35.7831
1,1948,4.28571,-34.6988
1,1949,4.28571,-33.6145
1,1950,4.28571,-32.5301
1,1951,4.28571,-31.4458
1,1952,4.28571,-30.3614
1,1953,4.28571,-29.2771
1,1954,4.28571,-28.1928
1,1955,4.28571,-27.1084
1,1956,4.28571,-26.0241
1,1957,4.28571,-24.9398
1,1958,4.28571,-23.8554
1,1959,4.28571,-22.7711
1,1960,4.28571,-21.6867
1,1961,4.28571,-20.6024
1,1962,4.28571,-19.5181
1,1963,4.28571,-18.4337
1,1964,4.28571,-17.3494
1,1965,4.28571,-16.2651
1,1966,4.28571,-15.1807
1,1967,4.28571,-14.0964
1,1968,4.28571,-13.012
1,1969,4.28571,-11.9277
1,1970,4.28571,-10.8434
1,1971,4.28571,-9.75904
1,1972,4.28571,-8.6747
1,1973,4.28571,-7.59036
1,1974,4.28571,-6.50602
1,1975,4.28571,-5.42169
1,1976,4.28571,-4.33735
1,1977,4.28571,-3.25301
1,1978,4.28571,-2.16867
1,1979,4.28571,-1.08434
1,1980,4.28571,1.27222e-14
1,1981,4.28571,1.08434
1,1982,4.28571,2.16867
1,1983,4.28571,3.25301
1,1984,4.28571,4.33735
1,1985,4.28571,5.42169
1,1986,4.28571,6.50602
1,1987,4.28571,7.59036
1,1988,4.28571,8.6747
1,1989,4.28571,9.75904
1,1990,4.28571,10.8434
1,1991,4.28571,11.9277
1,1992,4.28571,13.012
1,1993,4.28571,14.0964
1,1994,4.28571,15.1807
1,1995,4.28571,16.2651
1,1996,4.28571,17.3494
1,1997,4.28571,18.4337
1,1998,4.28571,19.5181
1,1999,4.28571,20.6024
1,2000,4.28571,21.6867
1,2001,4.28571,22.7711
1,2002,4.28571,23.8554
1,2003,4.28571,24.9398
1,2004,4.28571,26.0241
1,2005,4.28571,27.1084
1,2006,4.28571,28.1928
1,2007,4.28571,29.2771
1,2008,4.28571,30.3614
1,2009,4.28571,31.4458
1,2010,4.28571,32.5301
1,2011,4.28571,33.6145
1,2012,4.28571,34.6988
1,2013,4.28571,35.7831
1,2014,4.28571,36.8675
1,2015,4.28571,37.9518
1,2016,4.28571,39.0361
1,2017,4.28571,40.1205
1,2018,4.28571,41.2048
1,2019,4.28571,42.2892
1,2020,4.28571,43.3735
1,2021,4.28571,44.4578
1,2022,4.28571,45.5422
1,2023,4.28571,46.6265
1,2024,4.28571,47.7108
1,2025,4.28571,48.7952
1,2026,4.28571,49.8795
1,2027,4.28571,50.9639
1,2028,4.28571,52.0482
1,2029,4.28571,53.1325
1,2030,4.28571,54.2169
1,2031,4.28571,55.3012
1,2032,4.28571,56.3855
1,2033,4.28571,57.4699
1,2034,4.28571,58.5542
1,2035,4.28571,59.6386
1,2036,3.21429,-90
1,2037,3.21429,-88.9157
1,2038,3.21429,-87.8313
1,2039,3.21429,-86.747
1,2040,3.21429,-85.6627
1,2041,3.21429,-84.5783
1,2042,3.21429,-83.494
1,2043,3.21429,-82.4096
1,2044,3.21429,-81.3253
1,2045,3.21429,-80.241
1,2046,3.21429,-79.1566
1,2047,3.21429,-78.0723
1,2048,3.21429,-76.988
1,2049,3.21429,-75.9036
1,2050,3.21429,-74.8193
1,2051,3.21429,-73.7349
1,2052,3.21429,-72.6506
1,2053,3.21429,-71.5663
1,2054,3.21429,-70.4819
1,2055,3.21429,-69.3976
1,2056,3.21429,-68.3133
1,2057,3.21429,-67.2289
1,2058,3.21429,-66.1446
1,2059,3.21429,-65.0602
1,2060,3.21429,-63.9759
1,2061,3.21429,-62.8916
1,2062,3.21429,-61.8072
1,2063,3.21429,-60.7229
1,2064,3.21429,-59.6386
1,2065,3.21429,-58.5542
1,2066,3.21429,-57.4699
1,2067,3.21429,-56.3855
1,2068,3.21429,-55.3012
1,2069,3.21429,-54.2169
1,2070,3.21429,-53.1325
1,2071,3.21429,-52.0482
1,2072,3.21429,-50.9639
1,2073,3.21429,-49.8795
1,2074,3.21429,-48.7952
1,2075,3.21429,-47.7108
1,2076,3.21429,-46.6265
1,2077,3.21429,-45.5422
1,2078,3.21429,-44.4578
1,2079,3.21429,-43.3735
1,2080,3.21429,-42.2892
1,2081,3.21429,-41.2048
1,2082,3.21429,-40.1205
1,2083,3.21429,-39.0361
1,2084,3.21429,-37.9518
1,2085,3.21429,-36.8675
1,2086,3.21429,-35.7831
1,2087,3.21429,-34.6988
1,2088,3.21429,-33.6145
1,2089,3.21429,-32.5301
1,2090,3.21429,-31.4458
1,2091,3.21429,-30.3614
1,2092,3.21429,-29.2771
1,2093,3.21429,-28.1928
1,2094,3.21429,-27.1084
1,2095,3.21429,-26.0241
1,2096,3.21429,-24.9398
1,2097,3.21429,-23.8554
1,2098,3.21429,-22.7711
1,2099,3.21429,-21.6867
1,2100,3.21429,-20.6024
1,2101,3.21429,-19.5181
1,2102,3.21429,-18.4337
1,2103,3.21429,-17.3494
1,2104,3.21429,-16.2651
1,2105,3.21429,-15.1807
1,2106,3.21429,-14.0964
1,2107,3.21429,-13.012
1,2108,3.21429,-11.9277
1,2109,3.21429,-10.8434
1,2110,3.21429,-9.75904
1,2111,3.21429,-8.6747
1,2112,3.21429,-7.59036
1,2113,3.21429,-6.50602
1,2114,3.21429,-5.42169
1,2115,3.21429,-4.33735
1,2116,3.21429,-3.25301
1,2117,3.21429,-2.16867
1,2118,3.21429,-1.08434
1,2119,3.21429,1.27222e-14
1,2120,3.21429,1.08434
1,2121,3.21429,2.16867
1,2122,3.21429,3.25301
1,2123,3.21429,4.33735
1,2124,3.21429,5.42169
1,2125,3.21429,6.50602
1,2126,3.21429,7.59036
1,2127,3.21429,8.6747
1,2128,3.21429,9.75904
1,2129,3.21429,10.8434
1,2130,3.21429,11.9277
1,2131,3.21429,13.012
1,2132,3.21429,14.0964
1,2133,3.21429,15.1807
1,2134,3.21429,16.2651
1,2135,3.21429,17.3494
1,2136,3.21429,18.4337
1,2137,3.21429,19.5181
1,2138,3.21429,20.6024
1,2139,3.21429,21.6867
1,2140,3.21429,22.7711
1,2141,3.21429,23.8554
1,2142,3.21429,24.9398
1,2143,3.21429,26.0241
1,2144,3.21429,27.1084
1,2145,3.21429,28.1928
1,2146,3.21429,29.2771
1,2147,3.21429,30.3614
1,2148,3.21429,31.4458
1,2149,3.21429,32.5301
1,2150,3.21429,33.6145
1,2151,3.21429,34.6988
1,2152,3.21429,35.7831
1,2153,3.21429,36.8675
1,2154,3.21429,37.9518
1,2155,3.21429,39.0361
1,2156,3.21429,40.1205
1,2157,3.21429,41.2048
1,2158,3.21429,42.2892
1,2159,3.21429,43.3735
1,2160,3.21429,44.4578
1,2161,3.21429,45.5422
1,2162,3.21429,46.6265
1,2163,3.21429,47.7108
1,2164,3.21429,48.7952
1,2165,3.21429,49.8795
1,2166,3.21429,50.9639
1,2167,3.21429,52.0482
1,2168,3.21429,53.1325
1,2169,3.21429,54.2169
1,2170,3.21429,55.3012
1,2171,3.21429,56.3855
1,2172,3.21429,57.4699
1,2173,3.21429,58.5542
1,2174,3.21429,59.6386
1,2175,2.14286,-90
1,2176,2.14286,-88.9189
1,2177,2.14286,-87.8378
1,2178,2.14286,-86.7568
1,2179,2.14286,-85.6757
1,2180,2.14286,-84.5946
1,2181,2.14286,-83.5135
1,2182,2.14286,-82.4324
1,2183,2.14286,-81.3514
1,2184,2.14286,-80.2703
1,2185,2.14286,-79.1892
1,2186,2.14286,-78.1081
1,2187,2.14286,-77.027
1,2188,2.14286,-75.9459
1,2189,2.14286,-74.8649
1,2190,2.14286,-73.7838
1,2191,2.14286,-72.7027
1,2192,2.14286,-71.6216
1,2193,2.14286,-70.5405
1,2194,2.14286,-69.4595
1,2195,2.14286,-68.3784
1,2196,2.14286,-67.2973
1,2197,2.14286,-66.2162
1,2198,2.14286,-65.1351
1,2199,2.14286,-64.0541
1,2200,2.14286,-62.973
1,2201,2.14286,-61.8919
1,2202,2.14286,-60.8108
1,2203,2.14286,-59.7297
1,2204,2.14286,-58.6486
1,2205,2.14286,-57.5676
1,2206,2.14286,-56.4865
1,2207,2.14286,-55.4054
1,2208,2.14286,-54.3243
1,2209,2.14286,-53.2432
1,2210,2.14286,-52.1622
1,2211,2.14286,-51.0811
1,2212,2.14286,-50
1,2213,2.14286,-48.9189
1,2214,2.14286,-47.8378
1,2215,2.14286,-46.7568
1,2216,2.14286,-45.6757
1,2217,2.14286,-44.5946
1,2218,2.14286,-43.5135
1,2219,2.14286,-42.4324
1,2220,2.14286,-41.3514
1,2221,2.14286,-40.2703
1,2222,2.14286,-39.1892
1,2223,2.14286,-38.1081
1,2224,2.14286,-37.027
1,2225,2.14286,-35.9459
1,2226,2.14286,-34.8649
1,2227,2.14286,-33.7838
1,2228,2.14286,-32.7027
1,2229,2.14286,-31.6216
1,2230,2.14286,-30.5405
1,2231,2.14286,-29.4595
1,2232,2.14286,-28.3784
1,2233,2.14286,-27.2973
1,2234,2.14286,-26.2162
1,2235,2.14286,-25.1351
1,2236,2.14286,-24.0541
1,2237,2.14286,-22.973
1,2238,2.14286,-21.8919
1,2239,2.14286,-20.8108
1,2240,2.14286,-19.7297
1,2241,2.14286,-18.6486
1,2242,2.14286,-17.5676
1,2243,2.14286,-16.4865
1,2244,2.14286,-15.4054
1,2245,2.14286,-14.3243
1,2246,2.14286,-13.2432
1,2247,2.14286,-12.1622
1,2248,2.14286,-11.0811
1,2249,2.14286,-10
1,2250,2.14286,-8.91892
1,2251,2.14286,-7.83784
1,2252,2.14286,-6.75676
1,2253,2.14286,-5.67568
1,2254,2.14286,-4.59459
1,2255,2.14286,-3.51351
1,2256,2.14286,-2.43243
1,2257,2.14286,-1.35135
1,2258,2.14286,-0.27027
1,2259,2.14286,0.810811
1,2260,2.14286,1.89189
1,2261,2.14286,2.97297
1,2262,2.14286,4.05405
1,2263,2.14286,5.13514
1,2264,2.14286,6.21622
1,2265,2.14286,7.2973
1,2266,2.14286,8.37838
1,2267,2.14286,9.45946
1,2268,2.14286,10.5405
1,2269,2.14286,11.6216
1,2270,2.14286,12.7027
1,2271,2.14286,13.7838
1,2272,2.14286,14.8649
1,2273,2.14286,15.9459
1,2274,2.14286,17.027
1,2275,2.14286,18.1081
1,2276,2.14286,19.1892
1,2277,2.14286,20.2703
1,2278,2.14286,21.3514
1,2279,2.14286,22.4324
1,2280,2.14286,23.5135
1,2281,2.14286,24.5946
1,2282,2.14286,25.6757
1,2283,2.14286,26.7568
1,2284,2.14286,27.8378
1,2285,2.14286,28.9189
1,2286,2.14286,30
1,2287,2.14286,31.0811
1,2288,2.14286,32.1622
1,2289,2.14286,33.2432
1,2290,2.14286,34.3243
1,2291,2.14286,35.4054
1,2292,2.14286,36.4865
1,2293,2.14286,37.5676
1,2294,2.14286,38.6486
1,2295,2.14286,39.7297
1,2296,2.14286,40.8108
1,2297,2.14286,41.8919
1,2298,2.14286,42.973
1,2299,2.14286,44.0541
1,2300,2.14286,45.1351
1,2301,2.14286,46.2162
1,2302,2.14286,47.2973
1,2303,2.14286,48.3784
1,2304,2.14286,49.4595
1,2305,2.14286,50.5405
1,2306,2.14286,51.6216
1,2307,2.14286,52.7027
1,2308,2.14286,53.7838
1,2309,2.14286,54.8649
1,2310,2.14286,55.9459
1,2311,2.14286,57.027
1,2312,2.14286,58.1081
1,2313,2.14286,59.1892
1,2314,1.07143,-90
1,2315,1.07143,-88.9189
1,2316,1.07143,-87.8378
1,2317,1.07143,-86.7568
1,2318,1.07143,-85.6757
1,2319,1.07143,-84.5946
1,2320,1.07143,-83.5135
1,2321,1.07143,-82.4324
1,2322,1.07143,-81.3514
1,2323,1.07143,-80.2703
1,2324,1.07143,-79.1892
1,2325,1.07143,-78.1081
1,2326,1.07143,-77.027
1,2327,1.07143,-75.9459
1,2328,1.07143,-74.8649
1,2329,1.07143,-73.7838
1,2330,1.07143,-72.7027
1,2331,1.07143,-71.6216
1,2332,1.07143,-70.5405
1,2333,1.07143,-69.4595
1,2334,1.07143,-68.3784
1,2335,1.07143,-67.2973
1,2336,1.07143,-66.2162
1,2337,1.07143,-65.1351
1,2338,1.07143,-64.0541
1,2339,1.07143,-62.973
1,2340,1.07143,-61.8919
1,2341,1.07143,-60.8108
1,2342,1.07143,-59.7297
1,2343,1.07143,-58.6486
1,2344,1.07143,-57.5676
1,2345,1.07143,-56.4865
1,2346,1.07143,-55.4054
1,2347,1.07143,-54.3243
1,2348,1.07143,-53.2432
1,2349,1.07143,-52.1622
1,2350,1.07143,-51.0811
1,2351,1.07143,-50
1,2352,1.07143,-48.9189
1,2353,1.07143,-47.8378
1,2354,1.07143,-46.7568
1,2355,1.07143,-45.6757
1,2356,1.07143,-44.5946
1,2357,1.07143,-43.5135
1,2358,1.07143,-42.4324
1,2359,1.07143,-41.3514
1,2360,1.07143,-40.2703
1,2361,1.07143,-39.1892
1,2362,1.07143,-38.1081
1,2363,1.07143,-37.027
1,2364,1.07143,-35.9459
1,2365,1.07143,-34.8649
1,2366,1.07143,-33.7838
1,2367,1.07143,-32.7027
1,2368,1.07143,-31.6216
1,2369,1.07143,-30.5405
1,2370,1.07143,-29.4595
1,2371,1.07143,-28.3784
1,2372,1.07143,-27.2973
1,2373,1.07143,-26.2162
1,2374,1.07143,-25.1351
1,2375,1.07143,-24.0541
1,2376,1.07143,-22.973
1,2377,1.07143,-21.8919
1,2378,1.07143,-20.8108
1,2379,1.07143,-19.7297
1,2380,1.07143,-18.6486
1,2381,1.07143,-17.5676
1,2382,1.07143,-16.4865
1,2383,1.07143,-15.4054
1,2384,1.07143,-14.3243
1,2385,1.07143,-13.2432
1,2386,1.07143,-12.1622
1,2387,1.07143,-11.0811
1,2388,1.07143,-10
1,2389,1.07143,-8.91892
1,2390,1.07143,-7.83784
1,2391,1.07143,-6.75676
1,2392,1.07143,-5.67568
1,2393,1.07143,-4.59459
1,2394,1.07143,-3.51351
1,2395,1.07143,-2.43243
1,2396,1.07143,-1.35135
1,2397,1.07143,-0.27027
1,2398,1.07143,0.810811
1,2399,1.07143,1.89189
1,2400,1.07143,2.97297
1,2401,1.07143,4.05405
1,2402,1.07143,5.13514
1,2403,1.07143,6.21622
1,2404,1.07143,7.2973
1,2405,1.07143,8.37838
1,2406,1.07143,9.45946
1,2407,1.07143,10.5405
1,2408,1.07143,11.6216
1,2409,1.07143,12.7027
1,2410,1.07143,13.7838
1,2411,1.07143,14.8649
1,2412,1.07143,15.9459
1,2413,1.07143,17.027
1,2414,1.07143,18.1081
1,2415,1.07143,19.1892
1,2416,1.07143,20.2703
1,2417,1.07143,21.3514
1,2418,1.07143,22.4324
1,2419,1.07143,23.5135
1,2420,1.07143,24.5946
1,2421,1.07143,25.6757
1,2422,1.07143,26.7568
1,2423,1.07143,27.8378
1,2424,1.07143,28.9189
1,2425,1.07143,30
1,2426,1.07143,31.0811
1,2427,1.07143,32.1622
1,2428,1.07143,33.2432
1,2429,1.07143,34.3243
1,2430,1.07143,35.4054
1,2431,1.07143,36.4865
1,2432,1.07143,37.5676
1,2433,1.07143,38.6486
1,2434,1.07143,39.7297
1,2435,1.07143,40.8108
1,2436,1.07143,41.8919
1,2437,1.07143,42.973
1,2438,1.07143,44.0541
1,2439,1.07143,45.1351
1,2440,1.07143,46.2162
1,2441,1.07143,47.2973
1,2442,1.07143,48.3784
1,2443,1.07143,49.4595
1,2444,1.07143,50.5405
1,2445,1.07143,51.6216
1,2446,1.07143,52.7027
1,2447,1.07143,53.7838
1,2448,1.07143,54.8649
1,2449,1.07143,55.9459
1,2450,1.07143,57.027
1,2451,1.07143,58.1081
1,2452,1.07143,59.1892
