regi,gpi,lat[deg],lon[deg]
1,0,-34.2793,150.7522
1,1,-34.2793,150.8388
1,2,-34.2793,150.9254
1,3,-34.2793,151.012
1,4,-34.2793,151.0986
1,5,-34.2793,151.1852
1,6,-34.2793,151.2718
1,7,-34.2793,151.3584
1,8,-34.2793,151.445
1,9,-34.2793,151.5316
1,10,-34.2793,151.6182
1,11,-34.2075,150.7522
1,12,-34.2075,150.8388
1,13,-34.2075,150.9254
1,14,-34.2075,151.012
1,15,-34.2075,151.0986
1,16,-34.2075,151.1852
1,17,-34.2075,151.2718
1,18,-34.2075,151.3584
1,19,-34.2075,151.445
1,20,-34.2075,151.5316
1,21,-34.2075,151.6182
1,22,-34.1356,150.7522
1,23,-34.1356,150.8388
1,24,-34.1356,150.9254
1,25,-34.1356,151.012
1,26,-34.1356,151.0986
1,27,-34.1356,151.1852
1,28,-34.1356,151.2718
1,29,-34.1356,151.3584
1,30,-34.1356,151.445
1,31,-34.1356,151.5316
1,32,-34.1356,151.6182
1,33,-34.0637,150.7522
1,34,-34.0637,150.8388
1,35,-34.0637,150.9254
1,36,-34.0637,151.012
1,37,-34.0637,151.0986
1,38,-34.0637,151.1852
1,39,-34.0637,151.2718
1,40,-34.0637,151.3584
1,41,-34.0637,151.445
1,42,-34.0637,151.5316
1,43,-34.0637,151.6182
1,44,-33.9919,150.7522
1,45,-33.9919,150.8388
1,46,-33.9919,150.9254
1,47,-33.9919,151.012
1,48,-33.9919,151.0986
1,49,-33.9919,151.1852
1,50,-33.9919,151.2718
1,51,-33.9919,151.3584
1,52,-33.9919,151.445
1,53,-33.9919,151.5316
1,54,-33.9919,151.6182
1,55,-33.92,150.7522
1,56,-33.92,150.8388
1,57,-33.92,150.9254
1,58,-33.92,151.012
1,59,-33.92,151.0986
1,60,-33.92,151.1852
1,61,-33.92,151.2718
1,62,-33.92,151.3584
1,63,-33.92,151.445
1,64,-33.92,151.5316
1,65,-33.92,151.6182
1,66,-33.8481,150.7522
1,67,-33.8481,150.8388
1,68,-33.8481,150.9254
1,69,-33.8481,151.012
1,70,-33.8481,151.0986
1,71,-33.8481,151.1852
1,72,-33.8481,151.2718
1,73,-33.8481,151.3584
1,74,-33.8481,151.445
1,75,-33.8481,151.5316
1,76,-33.8481,151.6182
1,77,-33.7763,150.7522
1,78,-33.7763,150.8388
1,79,-33.7763,150.9254
1,80,-33.7763,151.012
1,81,-33.7763,151.0986
1,82,-33.7763,151.1852
1,83,-33.7763,151.2718
1,84,-33.7763,151.3584
1,85,-33.7763,151.445
1,86,-33.7763,151.5316
1,87,-33.7763,151.6182
1,88,-33.7044,150.7522
1,89,-33.7044,150.8388
1,90,-33.7044,150.9254
1,91,-33.7044,151.012
1,92,-33.7044,151.0986
1,93,-33.7044,151.1852
1,94,-33.7044,151.2718
1,95,-33.7044,151.3584
1,96,-33.7044,151.445
1,97,-33.7044,151.5316
1,98,-33.7044,151.6182
1,99,-33.6325,150.7522
1,100,-33.6325,150.8388
1,101,-33.6325,150.9254
1,102,-33.6325,151.012
1,103,-33.6325,151.0986
1,104,-33.6325,151.1852
1,105,-33.6325,151.2718
1,106,-33.6325,151.3584
1,107,-33.6325,151.445
1,108,-33.6325,151.5316
1,109,-33.6325,151.6182
1,110,-33.5607,150.7522
1,111,-33.5607,150.8388
1,112,-33.5607,150.9254
1,113,-33.5607,151.012
1,114,-33.5607,151.0986
1,115,-33.5607,151.1852
1,116,-33.5607,151.2718
1,117,-33.5607,151.3584
1,118,-33.5607,151.445
1,119,-33.5607,151.5316
1,120,-33.5607,151.6182
2,121,-23.2844,-43.6152
2,122,-23.2844,-43.5371
2,123,-23.2844,-43.4591
2,124,-23.2844,-43.3811
2,125,-23.2844,-43.3031
2,126,-23.2844,-43.225
2,127,-23.2844,-43.147
2,128,-23.2844,-43.069
2,129,-23.2844,-42.9909
2,130,-23.2844,-42.9129
2,131,-23.2844,-42.8349
2,132,-23.2125,-43.6152
2,133,-23.2125,-43.5371
2,134,-23.2125,-43.4591
2,135,-23.2125,-43.3811
2,136,-23.2125,-43.3031
2,137,-23.2125,-43.225
2,138,-23.2125,-43.147
2,139,-23.2125,-43.069
2,140,-23.2125,-42.9909
2,141,-23.2125,-42.9129
2,142,-23.2125,-42.8349
2,143,-23.1406,-43.6152
2,144,-23.1406,-43.5371
2,145,-23.1406,-43.4591
2,146,-23.1406,-43.3811
2,147,-23.1406,-43.3031
2,148,-23.1406,-43.225
2,149,-23.1406,-43.147
2,150,-23.1406,-43.069
2,151,-23.1406,-42.9909
2,152,-23.1406,-42.9129
2,153,-23.1406,-42.8349
2,154,-23.0688,-43.6152
2,155,-23.0688,-43.5371
2,156,-23.0688,-43.4591
2,157,-23.0688,-43.3811
2,158,-23.0688,-43.3031
2,159,-23.0688,-43.225
2,160,-23.0688,-43.147
2,161,-23.0688,-43.069
2,162,-23.0688,-42.9909
2,163,-23.0688,-42.9129
2,164,-23.0688,-42.8349
2,165,-22.9969,-43.6152
2,166,-22.9969,-43.5371
2,167,-22.9969,-43.4591
2,168,-22.9969,-43.3811
2,169,-22.9969,-43.3031
2,170,-22.9969,-43.225
2,171,-22.9969,-43.147
2,172,-22.9969,-43.069
2,173,-22.9969,-42.9909
2,174,-22.9969,-42.9129
2,175,-22.9969,-42.8349
2,176,-22.925,-43.6152
2,177,-22.925,-43.5371
2,178,-22.925,-43.4591
2,179,-22.925,-43.3811
2,180,-22.925,-43.3031
2,181,-22.925,-43.225
2,182,-22.925,-43.147
2,183,-22.925,-43.069
2,184,-22.925,-42.9909
2,185,-22.925,-42.9129
2,186,-22.925,-42.8349
2,187,-22.8532,-43.6152
2,188,-22.8532,-43.5371
2,189,-22.8532,-43.4591
2,190,-22.8532,-43.3811
2,191,-22.8532,-43.3031
2,192,-22.8532,-43.225
2,193,-22.8532,-43.147
2,194,-22.8532,-43.069
2,195,-22.8532,-42.9909
2,196,-22.8532,-42.9129
2,197,-22.8532,-42.8349
2,198,-22.7813,-43.6152
2,199,-22.7813,-43.5371
2,200,-22.7813,-43.4591
2,201,-22.7813,-43.3811
2,202,-22.7813,-43.3031
2,203,-22.7813,-43.225
2,204,-22.7813,-43.147
2,205,-22.7813,-43.069
2,206,-22.7813,-42.9909
2,207,-22.7813,-42.9129
2,208,-22.7813,-42.8349
2,209,-22.7094,-43.6152
2,210,-22.7094,-43.5371
2,211,-22.7094,-43.4591
2,212,-22.7094,-43.3811
2,213,-22.7094,-43.3031
2,214,-22.7094,-43.225
2,215,-22.7094,-43.147
2,216,-22.7094,-43.069
2,217,-22.7094,-42.9909
2,218,-22.7094,-42.9129
2,219,-22.7094,-42.8349
2,220,-22.6376,-43.6152
2,221,-22.6376,-43.5371
2,222,-22.6376,-43.4591
2,223,-22.6376,-43.3811
2,224,-22.6376,-43.3031
2,225,-22.6376,-43.225
2,226,-22.6376,-43.147
2,227,-22.6376,-43.069
2,228,-22.6376,-42.9909
2,229,-22.6376,-42.9129
2,230,-22.6376,-42.8349
2,231,-22.5657,-43.6152
2,232,-22.5657,-43.5371
2,233,-22.5657,-43.4591
2,234,-22.5657,-43.3811
2,235,-22.5657,-43.3031
2,236,-22.5657,-43.225
2,237,-22.5657,-43.147
2,238,-22.5657,-43.069
2,239,-22.5657,-42.9909
2,240,-22.5657,-42.9129
2,241,-22.5657,-42.8349
3,242,51.1407,-0.694
3,243,51.1407,-0.5785
3,244,51.1407,-0.4631
3,245,51.1407,-0.3476
3,246,51.1407,-0.2322
3,247,51.1407,-0.1167
3,248,51.1407,-0.0013
3,249,51.1407,0.1142
3,250,51.1407,0.2296
3,251,51.1407,0.3451
3,252,51.1407,0.4605
3,253,51.2125,-0.694
3,254,51.2125,-0.5785
3,255,51.2125,-0.4631
3,256,51.2125,-0.3476
3,257,51.2125,-0.2322
3,258,51.2125,-0.1167
3,259,51.2125,-0.0013
3,260,51.2125,0.1142
3,261,51.2125,0.2296
3,262,51.2125,0.3451
3,263,51.2125,0.4605
3,264,51.2844,-0.694
3,265,51.2844,-0.5785
3,266,51.2844,-0.4631
3,267,51.2844,-0.3476
3,268,51.2844,-0.2322
3,269,51.2844,-0.1167
3,270,51.2844,-0.0013
3,271,51.2844,0.1142
3,272,51.2844,0.2296
3,273,51.2844,0.3451
3,274,51.2844,0.4605
3,275,51.3563,-0.694
3,276,51.3563,-0.5785
3,277,51.3563,-0.4631
3,278,51.3563,-0.3476
3,279,51.3563,-0.2322
3,280,51.3563,-0.1167
3,281,51.3563,-0.0013
3,282,51.3563,0.1142
3,283,51.3563,0.2296
3,284,51.3563,0.3451
3,285,51.3563,0.4605
3,286,51.4281,-0.694
3,287,51.4281,-0.5785
3,288,51.4281,-0.4631
3,289,51.4281,-0.3476
3,290,51.4281,-0.2322
3,291,51.4281,-0.1167
3,292,51.4281,-0.0013
3,293,51.4281,0.1142
3,294,51.4281,0.2296
3,295,51.4281,0.3451
3,296,51.4281,0.4605
3,297,51.5,-0.694
3,298,51.5,-0.5785
3,299,51.5,-0.4631
3,300,51.5,-0.3476
3,301,51.5,-0.2322
3,302,51.5,-0.1167
3,303,51.5,-0.0013
3,304,51.5,0.1142
3,305,51.5,0.2296
3,306,51.5,0.3451
3,307,51.5,0.4605
3,308,51.5719,-0.694
3,309,51.5719,-0.5785
3,310,51.5719,-0.4631
3,311,51.5719,-0.3476
3,312,51.5719,-0.2322
3,313,51.5719,-0.1167
3,314,51.5719,-0.0013
3,315,51.5719,0.1142
3,316,51.5719,0.2296
3,317,51.5719,0.3451
3,318,51.5719,0.4605
3,319,51.6437,-0.694
3,320,51.6437,-0.5785
3,321,51.6437,-0.4631
3,322,51.6437,-0.3476
3,323,51.6437,-0.2322
3,324,51.6437,-0.1167
3,325,51.6437,-0.0013
3,326,51.6437,0.1142
3,327,51.6437,0.2296
3,328,51.6437,0.3451
3,329,51.6437,0.4605
3,330,51.7156,-0.694
3,331,51.7156,-0.5785
3,332,51.7156,-0.4631
3,333,51.7156,-0.3476
3,334,51.7156,-0.2322
3,335,51.7156,-0.1167
3,336,51.7156,-0.0013
3,337,51.7156,0.1142
3,338,51.7156,0.2296
3,339,51.7156,0.3451
3,340,51.7156,0.4605
3,341,51.7875,-0.694
3,342,51.7875,-0.5785
3,343,51.7875,-0.4631
3,344,51.7875,-0.3476
3,345,51.7875,-0.2322
3,346,51.7875,-0.1167
3,347,51.7875,-0.0013
3,348,51.7875,0.1142
3,349,51.7875,0.2296
3,350,51.7875,0.3451
3,351,51.7875,0.4605
3,352,51.8593,-0.694
3,353,51.8593,-0.5785
3,354,51.8593,-0.4631
3,355,51.8593,-0.3476
3,356,51.8593,-0.2322
3,357,51.8593,-0.1167
3,358,51.8593,-0.0013
3,359,51.8593,0.1142
3,360,51.8593,0.2296
3,361,51.8593,0.3451
3,362,51.8593,0.4605
4,363,23.3637,90.0161
4,364,23.3637,90.0946
4,365,23.3637,90.1731
4,366,23.3637,90.2516
4,367,23.3637,90.3301
4,368,23.3637,90.4086
4,369,23.3637,90.4871
4,370,23.3637,90.5656
4,371,23.3637,90.6441
4,372,23.3637,90.7226
4,373,23.3637,90.8011
4,374,23.4356,90.0161
4,375,23.4356,90.0946
4,376,23.4356,90.1731
4,377,23.4356,90.2516
4,378,23.4356,90.3301
4,379,23.4356,90.4086
4,380,23.4356,90.4871
4,381,23.4356,90.5656
4,382,23.4356,90.6441
4,383,23.4356,90.7226
4,384,23.4356,90.8011
4,385,23.5075,90.0161
4,386,23.5075,90.0946
4,387,23.5075,90.1731
4,388,23.5075,90.2516
4,389,23.5075,90.3301
4,390,23.5075,90.4086
4,391,23.5075,90.4871
4,392,23.5075,90.5656
4,393,23.5075,90.6441
4,394,23.5075,90.7226
4,395,23.5075,90.8011
4,396,23.5793,90.0161
4,397,23.5793,90.0946
4,398,23.5793,90.1731
4,399,23.5793,90.2516
4,400,23.5793,90.3301
4,401,23.5793,90.4086
4,402,23.5793,90.4871
4,403,23.5793,90.5656
4,404,23.5793,90.6441
4,405,23.5793,90.7226
4,406,23.5793,90.8011
4,407,23.6512,90.0161
4,408,23.6512,90.0946
4,409,23.6512,90.1731
4,410,23.6512,90.2516
4,411,23.6512,90.3301
4,412,23.6512,90.4086
4,413,23.6512,90.4871
4,414,23.6512,90.5656
4,415,23.6512,90.6441
4,416,23.6512,90.7226
4,417,23.6512,90.8011
4,418,23.7231,90.0161
4,419,23.7231,90.0946
4,420,23.7231,90.1731
4,421,23.7231,90.2516
4,422,23.7231,90.3301
4,423,23.7231,90.4086
4,424,23.7231,90.4871
4,425,23.7231,90.5656
4,426,23.7231,90.6441
4,427,23.7231,90.7226
4,428,23.7231,90.8011
4,429,23.7949,90.0161
4,430,23.7949,90.0946
4,431,23.7949,90.1731
4,432,23.7949,90.2516
4,433,23.7949,90.3301
4,434,23.7949,90.4086
4,435,23.7949,90.4871
4,436,23.7949,90.5656
4,437,23.7949,90.6441
4,438,23.7949,90.7226
4,439,23.7949,90.8011
4,440,23.8668,90.0161
4,441,23.8668,90.0946
4,442,23.8668,90.1731
4,443,23.8668,90.2516
4,444,23.8668,90.3301
4,445,23.8668,90.4086
4,446,23.8668,90.4871
4,447,23.8668,90.5656
4,448,23.8668,90.6441
4,449,23.8668,90.7226
4,450,23.8668,90.8011
4,451,23.9387,90.0161
4,452,23.9387,90.0946
4,453,23.9387,90.1731
4,454,23.9387,90.2516
4,455,23.9387,90.3301
4,456,23.9387,90.4086
4,457,23.9387,90.4871
4,458,23.9387,90.5656
4,459,23.9387,90.6441
4,460,23.9387,90.7226
4,461,23.9387,90.8011
4,462,24.0105,90.0161
4,463,24.0105,90.0946
4,464,24.0105,90.1731
4,465,24.0105,90.2516
4,466,24.0105,90.3301
4,467,24.0105,90.4086
4,468,24.0105,90.4871
4,469,24.0105,90.5656
4,470,24.0105,90.6441
4,471,24.0105,90.7226
4,472,24.0105,90.8011
4,473,24.0824,90.0161
4,474,24.0824,90.0946
4,475,24.0824,90.1731
4,476,24.0824,90.2516
4,477,24.0824,90.3301
4,478,24.0824,90.4086
4,479,24.0824,90.4871
4,480,24.0824,90.5656
4,481,24.0824,90.6441
4,482,24.0824,90.7226
4,483,24.0824,90.8011
5,484,34.173409,-84.723281
5,485,34.163583,-84.652839
5,486,34.153751,-84.582744
5,487,34.143822,-84.512344
5,488,34.133888,-84.44229
5,489,34.123858,-84.371932
5,490,34.113822,-84.30192
5,491,34.103737,-84.23193
5,492,34.093553,-84.161635
5,493,34.083366,-84.091688
5,494,34.073081,-84.021437
5,495,34.114856,-84.735063
5,496,34.10504,-84.664681
5,497,34.095219,-84.594645
5,498,34.085301,-84.524305
5,499,34.075378,-84.454311
5,500,34.065357,-84.384013
5,501,34.055333,-84.314061
5,502,34.045258,-84.244131
5,503,34.035085,-84.173896
5,504,34.024909,-84.104008
5,505,34.014635,-84.033816
5,506,34.056584,-84.746769
5,507,34.046778,-84.676447
5,508,34.036967,-84.606471
5,509,34.027059,-84.536191
5,510,34.017147,-84.466256
5,511,34.007137,-84.396017
5,512,33.997123,-84.326125
5,513,33.987059,-84.256253
5,514,33.976897,-84.186078
5,515,33.966731,-84.116249
5,516,33.956468,-84.046117
5,517,33.99805,-84.75851
5,518,33.988254,-84.688247
5,519,33.978454,-84.618331
5,520,33.968556,-84.54811
5,521,33.958654,-84.478236
5,522,33.948655,-84.408057
5,523,33.938652,-84.338223
5,524,33.928598,-84.268411
5,525,33.918447,-84.198296
5,526,33.908292,-84.128526
5,527,33.898039,-84.058453
5,528,33.939796,-84.770175
5,529,33.93001,-84.699973
5,530,33.92022,-84.630116
5,531,33.910333,-84.559954
5,532,33.900442,-84.490139
5,533,33.890453,-84.420019
5,534,33.88046,-84.350245
5,535,33.870417,-84.280492
5,536,33.860277,-84.210436
5,537,33.850133,-84.140725
5,538,33.839891,-84.070711
5,539,33.88128,-84.781874
5,540,33.871505,-84.711732
5,541,33.861725,-84.641934
5,542,33.851849,-84.571833
5,543,33.841967,-84.502076
5,544,33.83199,-84.432016
5,545,33.822007,-84.362301
5,546,33.811975,-84.292607
5,547,33.801845,-84.222611
5,548,33.791712,-84.152959
5,549,33.781481,-84.083004
5,550,33.823044,-84.793499
5,551,33.81328,-84.723416
5,552,33.80351,-84.653677
5,553,33.793644,-84.583635
5,554,33.783773,-84.513938
5,555,33.773806,-84.443937
5,556,33.763834,-84.374281
5,557,33.753812,-84.304646
5,558,33.743693,-84.234708
5,559,33.733571,-84.165115
5,560,33.72335,-84.095219
5,561,33.764818,-84.805104
5,562,33.755064,-84.73508
5,563,33.745304,-84.6654
5,564,33.735449,-84.595417
5,565,33.725588,-84.525779
5,566,33.715632,-84.455837
5,567,33.70567,-84.38624
5,568,33.695659,-84.316663
5,569,33.685551,-84.246784
5,570,33.675439,-84.17725
5,571,33.665229,-84.107413
5,572,33.70633,-84.816742
5,573,33.696586,-84.746777
5,574,33.686837,-84.677157
5,575,33.676992,-84.607233
5,576,33.667142,-84.537654
5,577,33.657196,-84.467772
5,578,33.647245,-84.398233
5,579,33.637245,-84.328716
5,580,33.627147,-84.258896
5,581,33.617046,-84.18942
5,582,33.606847,-84.119643
5,583,33.648123,-84.828306
5,584,33.638389,-84.758401
5,585,33.62865,-84.688839
5,586,33.618816,-84.618974
5,587,33.608976,-84.549454
5,588,33.59904,-84.47963
5,589,33.5891,-84.410151
5,590,33.57911,-84.340692
5,591,33.569023,-84.270931
5,592,33.558932,-84.201513
5,593,33.548745,-84.131794
5,594,33.589654,-84.839904
5,595,33.579931,-84.770058
5,596,33.570202,-84.700555
5,597,33.560378,-84.63075
5,598,33.550549,-84.561288
5,599,33.540624,-84.491523
5,600,33.530694,-84.422102
5,601,33.520715,-84.352702
5,602,33.510638,-84.283
5,603,33.500558,-84.213641
5,604,33.490381,-84.143981
