Satellite states are in Earth-Centered-Inertial equatorial plane.
Epoch[JDUT1] is 2457769.4377327663823962
All time is referenced to the Epoch.
Mission Duration [Days] is 1.0000000000000000
eventNum,gpi,accessFrom[Days],duration[s],time[Days],x[km],y[km],z[km],vx[km/s],vy[km/s],vz[km/s]
0,0,0.1537041068077087,90.0002360343933105,0.1542249415069818,-5496.7928327763274865,3190.7770104635715143,2049.8108239066832539,-1.5617126500967067,1.9978188781413950,-7.2977492727067306
1,1,0.1536462362855673,90.0002360343933105,0.1541670709848404,-5488.9003641929948571,3180.7541797965627666,2086.2141382029167289,-1.5984162769374595,2.0191091454120915,-7.2839298996596940
2,1,0.6322933249175549,75.0001966953277588,0.6326984185725451,5256.8449170059520839,-3550.3046578801890973,2087.6858349741974052,-2.5156859424332563,0.5579262648632229,7.2833655435273430
3,2,0.6321197133511305,95.0002491474151611,0.6326405480504036,5269.3144470137904136,-3553.0363930103244456,2051.2853139446328896,-2.4805151747712122,0.5341949219404716,7.2971947604353158
4,3,0.6322354543954134,60.0001573562622070,0.6325826775282621,5281.6081594810284514,-3555.6496047126538542,2014.8163511792265581,-2.4452616912963663,0.5104456852906090,7.3107805043010643
5,9,0.0908567197620869,80.0002098083496094,0.0913196839392185,-5499.1746639875400433,3204.2521428887462207,2022.2166082097721755,-1.5317536643437952,1.9833239163050813,-7.3080454345470143
6,10,0.0906831081956625,95.0002491474151611,0.0912618134170771,-5491.4317267667056512,3194.3014629860763307,2058.6717913728011808,-1.5684737216455318,2.0047044415980553,-7.2944102849350525
7,10,0.5695038083940744,50.0001311302185059,0.5697931610047817,5243.4438267390760302,-3553.8427208765165233,2115.1861719181752051,-2.5416206549076334,0.5786274239321080,7.2727385398790778
8,11,0.0908567197620869,55.0001442432403564,0.0912039428949356,-5483.5055862541867100,3184.2441886721830997,2095.0582863480426568,-1.6051414038308198,2.0260181524513836,-7.2805317551856978
9,11,0.5692144557833672,90.0002360343933105,0.5697352904826403,5256.0430681657990135,-3556.6777442186257758,2078.8382525187384999,-2.5065389852458897,0.5548721188816267,7.2867517019418333
10,12,0.5692144557833672,80.0002098083496094,0.5696774199604988,5268.4669346496684739,-3559.3941228970602424,2042.4209720716214633,-2.4713737315277662,0.5310982303799956,7.3005217393980582
11,18,0.0280672032386065,55.0001442432403564,0.0283565558493137,-5493.8353144123411766,3207.7967991152172544,2031.0901074228738707,-1.5385343415276753,1.9901989375385973,-7.3047512885506274
12,19,0.0277778506278992,95.0002491474151611,0.0282986853271723,-5486.0586069886539917,3197.8117278872841780,2067.5286949499122784,-1.5752185992421317,2.0116030416186996,-7.2910568977462988
13,20,0.0277778506278992,80.0002098083496094,0.0282408148050308,-5478.0988756176320749,3187.7199450600210184,2103.8982987759691241,-1.6118502567485893,2.0329401010138097,-7.2771192386913173
14,20,0.5063091982156038,85.0002229213714600,0.5067721623927355,5255.2232081517740880,-3563.0462301716625007,2069.9865663649788985,-2.4973966673388386,0.5517977060674871,7.2901234760575484
15,21,0.5061934571713209,90.0002360343933105,0.5067142918705940,5267.6014345806688652,-3565.7471512653396530,2033.5525983892816839,-2.4622370478650231,0.5279813030713727,7.3038343068794944
16,22,0.5065406803041697,25.0000655651092529,0.5066564213484526,5279.8039006859462461,-3568.3291246511889767,1997.0507803349787537,-2.4269953226027021,0.5041472136901642,7.3173014431288079
17,27,0.9720511604100466,90.0002360343933105,0.9725719951093197,-5542.4798156616398046,3114.6247143937503097,2043.9041494747268644,-1.5836986413452714,1.9722483367952544,-7.2999661800607898
18,28,0.9719932898879051,90.0002360343933105,0.9725141245871782,-5534.4768850361197110,3104.7308727343133796,2080.3186312823249864,-1.6207072254392738,1.9930301738150726,-7.2861862407087443
19,29,0.4434618111699820,70.0001835823059082,0.4438669048249722,5241.8774179697975342,-3566.6056395142759357,2097.5126073357109817,-2.5233299309692363,0.5725435475059758,7.2795859129696332
20,30,0.4432881996035576,95.0002491474151611,0.4438090343028307,5254.3853476394915560,-3569.4100716170387386,2061.1307939864641412,-2.4882590399389994,0.5487030389903689,7.2934808592184890
21,31,0.4433460701256990,70.0001835823059082,0.4437511637806892,5266.7179577380375122,-3572.0954340564262566,2024.6802104040766608,-2.4531051749376496,0.5248441528788443,7.3071324563405087
22,36,0.9092037733644247,75.0001966953277588,0.9096088670194149,-5537.1744421886896816,3118.2298319010205887,2052.7678151666250415,-1.5905617878348839,1.9790340724124302,-7.2966367908737233
23,37,0.9090301617980003,95.0002491474151611,0.9095509964972734,-5529.1373289652992753,3108.3020437423319891,2089.1655255337627750,-1.6275347980957806,1.9998398938169020,-7.2827976766286442
24,38,0.3807880356907845,30.0000786781311035,0.3809616472572088,5228.4300045355357724,-3570.0720665164999446,2124.9985690160197009,-2.5491729574924777,0.5933351877901980,7.2689092514861473
25,38,0.9091459028422832,60.0001573562622070,0.9094931259751320,-5520.9157543433439059,3098.2705299808280870,2125.4935302806338768,-1.6644534637949715,2.0205790635907737,-7.2687155697042778
26,39,0.3803829420357943,90.0002360343933105,0.3809037767350674,5241.0671886817845007,-3572.9802397505554836,2088.6696054771964555,-2.5141914754507191,0.5694711942456981,7.2829880476571693
27,40,0.3803250715136528,85.0002229213714600,0.3807880356907845,5265.8165151628872991,-3578.4389272391804298,2015.8038256303836988,-2.4439781638684326,0.5216867927936545,7.3104161812704493
28,45,0.8464721273630857,45.0001180171966553,0.8467036094516516,-5539.7435067919914218,3131.6785675427327078,2025.1777747443582030,-1.5604182442885806,1.9649371903896857,-7.3069479168348153
29,46,0.8461249042302370,95.0002491474151611,0.8466457389295101,-5531.8568433290574831,3121.8209431719510576,2061.6274286241696245,-1.5974089388587815,1.9858330865992957,-7.2932929978743761
30,47,0.8461249042302370,80.0002098083496094,0.8465878684073687,-5523.7856275907979580,3111.8591424359588018,2098.0082957005024582,-1.6343462938455318,2.0066627985558072,-7.2793947360551465
31,48,0.3174776844680309,85.0002229213714600,0.3179406486451626,5240.2389569413116988,-3579.3502084144447508,2079.8224805129643755,-2.5050576925579242,0.5663785809503693,7.2863758054755099
32,49,0.3173619434237480,95.0002491474151611,0.3178827781230211,5252.6556683725366383,-3582.1236446309662824,2043.4070604895703127,-2.4699980614124737,0.5424529929613566,7.3001524261941118
33,50,0.3175355549901724,50.0001311302185059,0.3178249076008797,5264.8971180060516417,-3584.7775868103462926,2006.9234615905872943,-2.4348560657480887,0.5185092359340719,7.3136854751870946
34,55,0.7832775171846151,80.0002098083496094,0.7837404813617468,-5534.4479173490162793,3135.2896022793252087,2034.0499381183660716,-1.5672848741460057,1.9717254191129503,-7.3036489588094815
35,56,0.7831617761403322,90.0002360343933105,0.7836826108396053,-5526.5270537267242617,3125.3980188722871389,2070.4829723581010512,-1.6042400602031324,1.9926453392103713,-7.2899348076635393
36,57,0.2546881679445505,60.0001573562622070,0.2550353910773993,5226.8467759946479418,-3582.8381010894845531,2107.3342668938043971,-2.5308992247572921,0.5872149374839942,7.2757885380170642
37,57,0.7833932582288980,35.0000917911529541,0.7835668697953224,-5510.1324739905903698,3105.3022978565436460,2143.1405807296569037,-1.6779884985566729,2.0342852486631853,-7.2617772786284700
38,58,0.2544566858559847,90.0002360343933105,0.2549775205552578,5239.3927334982645334,-3585.7155014015006600,2070.9712499075326377,-2.4959286334960731,0.5632657202763518,7.2897491797371092
39,59,0.2544566858559847,75.0001966953277588,0.2548617795109749,5263.9597775281526992,-3591.1113687948195548,1998.0391358147478513,-2.4257389316346587,0.5153114955450970,7.3169403316367774
40,64,0.7204301301389933,65.0001704692840576,0.7207773532718420,-5529.1400918632034518,3138.8866383425370259,2042.9180862077428174,-1.5741355217226409,1.9785269398126815,-7.3003355831296064
41,65,0.7201986480504274,95.0002491474151611,0.7207194827497005,-5521.1851080988872127,3128.9610297541016735,2079.3344288873481673,-1.6110551177542105,1.9994707900156246,-7.2865622268703696
42,66,0.7202565185725689,70.0001835823059082,0.7206616122275591,-5513.0459282605006592,3118.9310064336241339,2115.6813939641974684,-1.6479209187984856,2.0203480007973975,-7.2725457523264945
43,67,0.1915514282882214,90.0002360343933105,0.1920722629874945,5226.0281498388494583,-3589.2142125063669482,2098.4958671875492655,-2.5217693148919809,0.5841244073843581,7.2792066406847509
44,68,0.1914935577660799,85.0002229213714600,0.1919565219432116,5250.8541179686671967,-3594.8181108268004209,2025.6671919770337809,-2.4517564588530032,0.5361220838937052,7.3067663501891129
45,73,0.6577563546597958,20.0000524520874023,0.6578720957040787,-5531.6248045421207280,3152.3244809325647111,2015.3141639597104131,-1.5440334366741189,1.9643078580742310,-7.3105968637151619
46,74,0.6572933904826641,90.0002360343933105,0.6578142251819372,-5523.8200649543159670,3142.4696463701966422,2051.7822015065607957,-1.5809701527729385,1.9853417123700359,-7.2970077963358753
47,75,0.1541092004626989,90.0002360343933105,0.1546300351619720,-5546.8914236095597516,3257.9372184438325348,1793.1409331489305714,-1.3033958625624540,1.8469627000586484,-7.3876423254424672
48,76,0.1540513299405575,85.0002229213714600,0.1545721646398306,-5540.2878219497652026,3248.6665403239476291,1829.9973635237297458,-1.3404387267710958,1.8687040174469334,-7.3755366200414052
49,76,0.6319461017847061,65.0001704692840576,0.6322933249175549,5340.4253166439166307,-3566.9348864037888234,1831.4875768820588746,-2.2677948007867603,0.3914588439130240,7.3750415479283022
50,77,0.6317146196961403,95.0002491474151611,0.6322354543954134,5351.6557212482457544,-3568.8352577512819153,1794.6335935313534264,-2.2320698180524374,0.3676189009959325,7.3871572197694411
51,78,0.6317724902182817,70.0001835823059082,0.6321775838732719,5362.7075626282503436,-3570.6165760656213024,1757.7197317047425713,-2.1962704091681111,0.3437666211133886,7.3990264169445084
52,84,0.0912618134170771,80.0002098083496094,0.0917247775942087,-5548.2245857286770843,3270.8948517115736649,1765.2095077161834524,-1.2733498736401871,1.8318496410427114,-7.3966396499041389
53,85,0.0910882018506527,95.0002491474151611,0.0916090365499258,-5535.1324655804774011,3252.3951438747781140,1838.9530193416544535,-1.3474106865169100,1.8754441213211468,-7.3725548426772534
54,86,0.0912618134170771,50.0001311302185059,0.0915511660277843,-5528.3093006519393384,3242.9823391333320615,1875.7333539614874098,-1.3843742102084162,1.8971479730511596,-7.3601432549291825
55,86,0.5688672326505184,85.0002229213714600,0.5693301968276501,5339.3044708813968100,-3573.1960394223033290,1822.5289083720144845,-2.2586928409715901,0.3881090983401001,7.3780111884268100
56,87,0.5687514916062355,90.0002360343933105,0.5692723263055086,5350.4894420673990680,-3575.0795799452494066,1785.6602471222765871,-2.2229755033848368,0.3642273628041189,7.3900669454449179
57,88,0.5691565852612257,10.0000262260437012,0.5692144557833672,5361.4958889760728198,-3576.8438590009413929,1748.7320067948985525,-2.1871840431656331,0.3403334034778438,7.4018761307131236
58,93,0.0285301674157381,45.0001180171966553,0.0287616495043039,-5543.1265538035686404,3274.6768700320790231,1774.1908567467373814,-1.2803747459543335,1.8385532309795352,-7.3937631585951493
59,94,0.0281829442828894,95.0002491474151611,0.0287037789821625,-5536.6379421911196914,3265.4478973189325188,1811.0781644517949189,-1.3173928441686624,1.8604065265158634,-7.3817839828087770
60,95,0.0281829442828894,80.0002098083496094,0.0286459084600210,-5529.9646175328243771,3256.1099588706424584,1847.9050450029947115,-1.3543669437066270,1.8821978227568135,-7.3695585116359661
61,95,0.5060777161270380,65.0001704692840576,0.5064249392598867,5326.8481120859833027,-3577.4658707169542140,1850.3893983133332313,-2.2852309216111246,0.4086499020232549,7.3687241779775299
62,96,0.5058462340384722,95.0002491474151611,0.5063670687377453,5338.1657908067991229,-3579.4518875370731621,1813.5666421271409945,-2.2495963590630335,0.3847393176711627,7.3809662644771752
63,97,0.5059041045606136,70.0001835823059082,0.5063091982156038,5349.3053562284503641,-3581.3184972714248033,1776.6833757583667648,-2.2138867857281319,0.3608158253055163,7.3929620828737743
64,102,0.9725141245871782,80.0002098083496094,0.9729770887643099,-5593.3087519135478942,3180.9533673047922093,1787.1616243554037737,-1.3232272144219306,1.8249741228046379,-7.3895811998196788
65,103,0.9723983835428953,90.0002360343933105,0.9729192182421684,-5586.6054349434007236,3171.7938081309766858,1824.0278352404332054,-1.3605799487161472,1.8462013912718152,-7.3775154181227851
66,104,0.9725719951093197,45.0001180171966553,0.9728034771978855,-5572.6398899886808067,3153.1574744494291735,1897.5764513188073579,-1.4351478575192942,1.8884706478983655,-7.3526458066267502
67,105,0.4429409764707088,90.0002360343933105,0.4434618111699820,5325.7370266346515564,-3583.7331923197762080,1841.4383834837360610,-2.2761323884283571,0.4053019347473537,7.3717245479371618
68,106,0.4428831059485674,90.0002360343933105,0.4434039406478405,5337.0092888772578590,-3585.7023871011851952,1804.6007958392667661,-2.2405054057467710,0.3813495165291928,7.3839067702459733
69,107,0.4432303290814161,15.0000393390655518,0.4432881996035576,5359.0192194048477177,-3589.2818674192012622,1730.7462185526173926,-2.1690285094617385,0.3334070948621439,7.4075317179786442
70,111,0.9097824785858393,50.0001311302185059,0.9100718311965466,-5594.7998298851480286,3193.8790423067193842,1759.2229299892842391,-1.2929696815396996,1.8102718141552718,-7.3985482684183346
71,112,0.9094352554529905,95.0002491474151611,0.9099560901522636,-5581.5088354596719000,3175.6000378267485758,1832.9859001665588494,-1.3676516873663009,1.8528384930804642,-7.3745433417415915
72,113,0.9094931259751320,75.0001966953277588,0.9098982196301222,-5574.5839103440803228,3166.3014297625250038,1869.7762628682987724,-1.4049248012227920,1.8740295678587957,-7.3621715954140798
73,114,0.3801514599472284,65.0001704692840576,0.3804986830800772,5324.6081043291278547,-3589.9952217523377840,1832.4837335913659899,-2.2670393153657233,0.4019339260430195,7.3747103658586912
74,115,0.3799199778586626,95.0002491474151611,0.3804408125579357,5335.8349776587265296,-3591.9474944991507073,1795.6313872072864797,-2.2314200316722284,0.3779397096630197,7.3868326999285445
75,116,0.3799778483808041,75.0001966953277588,0.3803829420357943,5346.8838155250841737,-3593.7799430597656283,1758.7191290556511376,-2.1957263438167902,0.3539328121714082,7.3987085701600153
76,121,0.8465878684073687,85.0002229213714600,0.8470508325845003,-5583.1735743388708215,3188.6184568815219791,1805.1035887194013867,-1.3374231732510737,1.8382111442377780,-7.3837422871788316
77,122,0.8464721273630857,95.0002491474151611,0.8469929620623589,-5576.3995387526065315,3179.3926674933750292,1841.9403467154218106,-1.3747079303121044,1.8594894270386093,-7.3715567077578976
78,123,0.8467036094516516,45.0001180171966553,0.8469350915402174,-5569.4394634540030893,3170.0607830579651818,1878.7156478318268000,-1.4119467775078125,1.8807057416727493,-7.3591251741865547
79,124,0.3170725908130407,85.0002229213714600,0.3175355549901724,5323.4613575911625958,-3596.2519153572443429,1823.5254663129885557,-2.2579517531199240,0.3985458904932586,7.3776816258480196
80,125,0.3169568497687578,90.0002360343933105,0.3174776844680309,5334.6428698259242083,-3598.1871661471127481,1786.6584339371161150,-2.2223402874522562,0.3745099119471957,7.3897440477490015
81,126,0.3173040729016066,20.0000524520874023,0.3174198139458895,5345.6463864066026872,-3600.0023844719871704,1749.7317891788529778,-2.1866547206540083,0.3504613667415726,7.4015599086736472
82,130,0.7838562224060297,55.0001442432403564,0.7841455750167370,-5584.7100401825500740,3201.5831533602654417,1777.1867853360272420,-1.3072024579192232,1.8234853669585669,-7.3928001439995494
83,131,0.7835668697953224,95.0002491474151611,0.7840877044945955,-5578.0868573794286931,3192.4306748677681753,1814.0692347491217333,-1.3444980009830607,1.8448505004358136,-7.3808009643273875
84,132,0.7835668697953224,80.0002098083496094,0.7840298339724541,-5571.2775784204304728,3183.1716666115753469,1850.8911572105237155,-1.3817486419712557,1.8661541542009821,-7.3685555220674592
85,133,0.2542830742895603,65.0001704692840576,0.2546302974224091,5310.9830358114595583,-3600.4649243158273748,1851.3847014770647093,-2.2843982948038013,0.4192022924798620,7.3683895789581451
86,134,0.2540515922009945,95.0002491474151611,0.2545724269002676,5322.2967989513435896,-3602.5032295084070029,1814.5635993325709023,-2.2488697523515668,0.3951378428069815,7.3806383220397622
87,135,0.2541094627231359,70.0001835823059082,0.2545145563781261,5333.4329781622200244,-3604.4213584931894729,1777.6819537416627099,-2.2132662236628162,0.3710601383819390,7.3926408079602499
88,140,0.7207194827497005,80.0002098083496094,0.7211824469268322,-5579.6459518002720870,3205.4149402478251432,1786.1634595310472378,-1.3142957687078956,1.8301130664572436,-7.3899041884831513
89,141,0.7206037417054176,90.0002360343933105,0.7211245764046907,-5572.9874329418471461,3196.2293007849270907,1823.0312997436947171,-1.3515573466149264,1.8515037018788092,-7.3778450715206887
90,142,0.7207773532718420,45.0001180171966553,0.7210088353604078,-5559.1128459664560069,3177.5383618004880191,1896.5832741712242751,-1.4259438478250650,1.8940991556866176,-7.3529887562744785
91,143,0.1911463346332312,90.0002360343933105,0.1916671693325043,5309.8460220933184246,-3606.7278285109046010,1842.4340920298313904,-2.2753141532097616,0.4158160511859410,7.3713915670245980
92,144,0.1910884641110897,90.0002360343933105,0.1916092988103628,5321.1144410490405789,-3608.7491206113372755,1805.5981503411123867,-2.2397933636847180,0.3917097978188315,7.3835804485973124
93,145,0.1913778167217970,25.0000655651092529,0.1914935577660799,5343.1182758145805565,-3612.4304869514908205,1731.7467650810349369,-2.1685289223624644,0.3434586746115597,7.4072187472987077
94,149,0.6579878367483616,50.0001311302185059,0.6582771893590689,-5581.0769109975199171,3218.3449531486080559,1758.2235542849209651,-1.2841019882138798,1.8152774069117081,-7.3988662062807222
95,150,0.6576406136155128,95.0002491474151611,0.6581614483147860,-5567.8753345992217874,3200.0143040865755211,1831.9897660117972009,-1.3586011745336855,1.8581707096492459,-7.3748746145937378
96,151,0.1544564235955477,95.0002491474151611,0.1549772582948208,-5582.6195858810851860,3311.2677134098998977,1570.7891265969208234,-1.0802678677400883,1.7152477675845046,-7.4550866895259160
97,152,0.1545142941176891,75.0001966953277588,0.1549772582948208,-5582.6195858810851860,3311.2677134098998977,1570.7891265969208234,-1.0802678677400883,1.7152477675845046,-7.4550866895259160
98,152,0.6316567491739988,50.0001311302185059,0.6319461017847061,5405.1220153177046086,-3576.5501827982716350,1609.4901615799096817,-2.0523524381484530,0.2482500514048629,7.4440306622303387
99,153,0.6313673965632915,90.0002360343933105,0.6318882312625647,5415.2756325009213469,-3577.7354185891013003,1572.2954205186142644,-2.0161988639735786,0.2243480294136300,7.4546617107171098
100,154,0.6313673965632915,80.0002098083496094,0.6318303607404232,5425.2485651880506339,-3578.8013022427880969,1535.0482193596797060,-1.9799780663650250,0.2004384498846393,7.4650440322306952
101,160,0.0916090365499258,85.0002229213714600,0.0920720007270575,-5583.0520833012360526,3323.7648957923688613,1542.6049861883354879,-1.0501863867342800,1.6996245376829302,-7.4629589374889305
102,161,0.0914932955056429,90.0002360343933105,0.0920141302049160,-5577.7120817302356954,3315.2288131600835186,1579.8416504456331495,-1.0874752609747906,1.7218079470099548,-7.4525261535269358
103,162,0.0917247775942087,40.0001049041748047,0.0919562596827745,-5572.1859952838403842,3306.5821061250062485,1617.0256028231574419,-1.1247278071439446,1.7439339819708473,-7.4418447138452368
104,162,0.5685200095176697,80.0002098083496094,0.5689829736948013,5403.7291835297419311,-3582.7072358337054538,1600.4479260953135054,-2.0433008965224913,0.2446512755139444,7.4466393976263996
105,163,0.5683463979512453,95.0002491474151611,0.5688672326505184,5423.7654273379448568,-3584.9220048358229178,1525.9805369750069985,-1.9709457506513799,0.1967576099059689,7.4675317481451158
106,164,0.5685200095176697,55.0001442432403564,0.5688093621283770,5433.5122635157640616,-3585.8500184389968126,1488.6698486413404225,-1.9346690034311922,0.1728004219770396,7.4776043610202452
107,169,0.0288773905485868,50.0001311302185059,0.0291667431592941,-5583.3574442543449550,3336.2032641806836182,1514.3913696692800386,-1.0201200100138250,1.6839056912993189,-7.4706885831629330
108,170,0.0285880379378796,90.0002360343933105,0.0291088726371527,-5578.1675459144626075,3327.7454583707985876,1551.6670985646981080,-1.0574114419571017,1.7061724508878990,-7.4604442045277182
109,171,0.0285880379378796,80.0002098083496094,0.0290510021150112,-5572.7915473469456629,3319.1766108356537188,1588.8910556325147354,-1.0946675487505289,1.7283823577993327,-7.4499509059847062
110,171,0.5059041045606136,30.0000786781311035,0.5060777161270380,5392.0751455886638723,-3587.5896724394146986,1628.5698502981183537,-2.0703222509073318,0.2650087429644884,7.4384747940805891
111,172,0.5054411403834820,95.0002491474151611,0.5059619750827551,5412.3819865599598415,-3590.0073783888074104,1554.1821146327038150,-1.9981210124353772,0.2170485214827237,7.4597435262620300
112,173,0.5054411403834820,85.0002229213714600,0.5059041045606136,5422.2646929944894509,-3591.0366080496514769,1516.9098422522081364,-1.9619198602260068,0.1930570397659779,7.4700047228947204
113,178,0.9729192182421684,80.0002098083496094,0.9733821824193001,-5634.9953007103276832,3242.0815306148360833,1527.4976597650611438,-1.0605906581338889,1.6747203059358486,-7.4671166102711348
114,179,0.9728034771978855,90.0002360343933105,0.9733243118971586,-5629.6025655266130343,3233.6712086830439148,1564.7553352264278601,-1.0982264887888118,1.6963583016610841,-7.4567847099356390
115,180,0.9729770887643099,45.0001180171966553,0.9732085708528757,-5618.2538321611546053,3216.5271387096800026,1639.1128192164394477,-1.1733868385953243,1.7394639993439949,-7.4353748688697117
116,181,0.4426516238600016,75.0001966953277588,0.4430567175149918,5400.8905554443899746,-3595.0035929748028138,1582.3539949640976374,-2.0252164323788762,0.2373943089787389,7.4518127635300226
117,182,0.4424780122935772,95.0002491474151611,0.4429988469928503,5410.9087353770983100,-3596.1343140670833236,1545.1208507356554946,-1.9890915980901163,0.2133691282744921,7.4622623478492489
118,183,0.4425937533378601,65.0001704692840576,0.4429409764707088,5420.7463766257242241,-3597.1450688679869927,1507.8361530971465072,-1.9529004450546255,0.1893367564049482,7.4724629515977776
119,187,0.9102454427629709,40.0001049041748047,0.9104769248515368,-5635.4280020672640603,3254.4829168183991897,1499.2684777658769235,-1.0302880202098532,1.6594257663161165,-7.4747698185375615
120,188,0.9098403491079807,95.0002491474151611,0.9103611838072538,-5624.7572571799155412,3237.7062716480672862,1573.8099272471522454,-1.1055308309117138,1.7028119324067292,-7.4542339796506738
121,189,0.9098403491079807,85.0002229213714600,0.9103033132851124,-5619.1403119428050559,3229.1557513769648722,1611.0025073901747419,-1.1430974693306148,1.7244202670207662,-7.4435928177809272
122,191,0.3795727547258139,90.0002360343933105,0.3800935894250870,5399.4447871907786975,-3601.1428107503752472,1573.3023350355149432,-2.0161836101321740,0.2337361511872558,7.4543773838251868
123,192,0.3795148842036724,90.0002360343933105,0.3800357189029455,5409.4178844511734496,-3602.2551628331675602,1536.0565367168537705,-1.9800685914015430,0.2096699978986605,7.4647664386736272
124,197,0.8470508325845003,75.0001966953277588,0.8474559262394905,-5625.3644921288441765,3250.2029440939686538,1545.6289799521555324,-1.0752490674119564,1.6875879540772969,-7.4621215119364512
125,198,0.8468772210180759,95.0002491474151611,0.8473980557173491,-5619.8987204528903021,3241.7282291084802637,1582.8614125128638079,-1.1128202838720429,1.7092800200948373,-7.4516685344511506
126,199,0.8469929620623589,60.0001573562622070,0.8473401851952076,-5614.2454562072935005,3233.1453418366695587,1620.0410324385754848,-1.1503543275952302,1.7309151303058947,-7.4409669298608545
127,200,0.3168411087244749,65.0001704692840576,0.3171883318573236,5387.8732476024124480,-3606.0617748202776056,1601.4537566596357010,-2.0431952920546403,0.2541575698920173,7.4463499814885292
128,201,0.3166096266359091,90.0002360343933105,0.3171304613351822,5397.9814016717682534,-3607.2759971680734452,1564.2475693539586246,-2.0071571278815608,0.2300582324891317,7.4569272889227030
129,202,0.3166096266359091,75.0001966953277588,0.3170147202908993,5417.6570562206989052,-3609.3433914351630847,1489.6798631432156981,-1.9348812401262552,0.1818371184008899,7.4773351514828477
130,206,0.7844927981495857,20.0000524520874023,0.7846085391938686,-5630.9708044694534692,3270.9320604717240712,1480.0962961104544320,-1.0073712449842709,1.6504370017890997,-7.4798818170159658
131,207,0.7839719634503126,90.0002360343933105,0.7844927981495857,-5620.5291662085483040,3254.2440691572069227,1554.6900723048436248,-1.0825560339570761,1.6940435573136972,-7.4596018645695104
132,208,0.7839140929281712,90.0002360343933105,0.7844349276274443,-5615.0269876727761584,3245.7370492088862193,1591.9097731555732480,-1.1200948105451636,1.7157625272394572,-7.4490883794013687
133,210,0.2537043690681458,85.0002229213714600,0.2541673332452774,5396.5004131781661272,-3613.4031091515498701,1555.1897157937958127,-1.9981370356600456,0.2263605696216945,7.4594624737889861
134,211,0.2536464985460043,90.0002360343933105,0.2541673332452774,5396.5004131781661272,-3613.4031091515498701,1555.1897157937958127,-1.9981370356600456,0.2263605696216945,7.4594624737889861
135,212,0.2538779806345701,35.0000917911529541,0.2540515922009945,5416.0860816564791094,-3615.4331673344227056,1480.5972981854822592,-1.9258815500893054,0.1780577982581113,7.4797491130469718
136,216,0.7211824469268322,70.0001835823059082,0.7215875405818224,-5621.0317611094324093,3266.7027700306121005,1526.4890250644946263,-1.0523054704407027,1.6787111807777340,-7.4673926565458055
137,217,0.7210088353604078,95.0002491474151611,0.7215296700596809,-5615.6806021369220616,3258.2720971269864094,1563.7480956457939101,-1.0898481254124239,1.7005136302049910,-7.4570674916916158
138,218,0.7210667058825493,70.0001835823059082,0.7214717995375395,-5610.1420912463108834,3249.7327001745352391,1600.9549913135738279,-1.1273543738998779,1.7222594162628249,-7.4464935195946200
139,219,0.1910305935889482,50.0001311302185059,0.1913199461996555,5374.7860620597684829,-3617.0485954162154485,1620.5394275532560187,-2.0610929564002758,0.2709975237112091,7.4408216808254082
140,220,0.1906833704560995,95.0002491474151611,0.1912042051553726,5395.0018361081911280,-3619.5241036603561042,1546.1287922356102627,-1.9891233834592343,0.2226431794465286,7.4619829334194749
141,221,0.1906833704560995,80.0002098083496094,0.1911463346332312,5404.8398780827692462,-3620.5807575563462706,1508.8454728924148185,-1.9530385168523550,0.1984543533948971,7.4721902772836053
142,226,0.6581035777926445,90.0002360343933105,0.6586244124919176,-5616.2064111312656678,3270.7499838526368876,1535.5565380229716084,-1.0596150229061354,1.6851687413013074,-7.4649041142666013
143,227,0.6580457072705030,90.0002360343933105,0.6585665419697762,-5610.8188322150072054,3262.2869961218420940,1572.8030320942250455,-1.0971253046238083,1.7069981352942032,-7.4545183983056909
144,228,0.1548615172505379,95.0002491474151611,0.1553823519498110,-5615.8263822635790348,3368.4554928805400777,1309.0131502488147817,-0.8183289554339832,1.5589912754852739,-7.5224500691118559
145,229,0.1549772582948208,60.0001573562622070,0.1553244814276695,-5611.6434480499301571,3360.6208774512710988,1346.5507494209000470,-0.8558408479893507,1.5814754400133446,-7.5135772435085340
146,229,0.6314831376075745,15.0000393390655518,0.6315410081297159,5472.3915348815098696,-3582.3393205376059996,1348.0688677720950182,-1.7979081016160148,0.0808051132013153,7.5132129019778153
147,230,0.6309623029083014,90.0002360343933105,0.6314831376075745,5481.2735896085969216,-3582.6884763991324689,1310.5330624235089090,-1.7613094181927655,0.0568669454575771,7.5220958783122187
148,231,0.6309044323861599,90.0002360343933105,0.6314252670854330,5489.9727594644764395,-3582.9181123276007384,1272.9535307550750076,-1.7246520158630934,0.0329268073529873,7.5307278777126712
149,237,0.0919562596827745,90.0002360343933105,0.0924770943820477,-5615.2075166011672991,3380.3965656281175143,1280.5769775239732553,-0.7882517229061505,1.5427966038698173,-7.5289978734918686
150,238,0.0918983891606331,90.0002360343933105,0.0924192238599062,-5611.1747557330409109,3372.6426101823030876,1318.1477441379572610,-0.8257599977836465,1.5653608034590341,-7.5203149601380561
151,239,0.0922456122934818,15.0000393390655518,0.0923613533377647,-5606.9547919412007104,3364.7761173090561897,1355.6745303660636637,-0.8632406760321089,1.5878728490326095,-7.5113811292711361
152,239,0.5682306569069624,65.0001704692840576,0.5685778800398111,5470.6835248088573280,-3588.3655825311029730,1338.9428696774766649,-1.7889291199548230,0.0769212863531700,7.5153966520806676
153,240,0.5679991748183966,95.0002491474151611,0.5685200095176697,5479.5207701770978019,-3588.6952442456472454,1301.3963131557777615,-1.7523420038166215,0.0529429046593558,7.5242186085418910
154,241,0.5680570453405380,70.0001835823059082,0.5684621389955282,5488.1751891964941024,-3588.9051855203633750,1263.8063351645546391,-1.7156964680523961,0.0289626835548114,7.5327895172436419
155,246,0.0292824842035770,50.0001311302185059,0.0295718368142843,-5614.4621457191897207,3392.2755323489759576,1252.1163355222963673,-0.7581955271086802,1.5265091441672749,-7.5354018137102621
156,247,0.0289352610707283,95.0002491474151611,0.0294560957700014,-5606.5095817231886031,3376.8169336418304738,1327.2797359580633838,-0.8331765564727793,1.5717451733269687,-7.5181650058035689
157,248,0.0289931315928698,75.0001966953277588,0.0293982252478600,-5602.2526609086044118,3368.9184894193363107,1364.7956351630223253,-0.8706259301117583,1.5942850141905216,-7.5091701873087411
158,249,0.5051517877727747,80.0002098083496094,0.5056147519499063,5468.9580859993375270,-3594.3852551065529042,1329.8142284635332544,-1.7799571488538848,0.0730179413716938,7.5175655665317391
159,250,0.5050360467284918,90.0002360343933105,0.5055568814277649,5477.7505573097259912,-3594.6953253130964185,1292.2569948869113432,-1.7433817163687186,0.0489993900935546,7.5263264857049350
160,251,0.5052675288170576,40.0001049041748047,0.5054990109056234,5486.3602613741786627,-3594.8854747961945577,1254.6566447768041144,-1.7067481633000470,0.0249791310047774,7.5348362867887211
161,255,0.9733243118971586,80.0002098083496094,0.9737872760742903,-5667.4712446102985268,3297.9094072530456287,1265.3367234994475439,-0.7962182596604258,1.5217325304714346,-7.5324456657389938
162,256,0.9731507003307343,95.0002491474151611,0.9736715350300074,-5659.1356441313919277,3282.5049087236393461,1340.4697222600134410,-0.8719052065036657,1.5657077948206912,-7.5150323705710917
163,257,0.9733821824193001,45.0001180171966553,0.9736136645078659,-5654.6845679525877131,3274.6382346140517257,1377.9697602384674155,-0.9097056083543520,1.5876175459747452,-7.5059494637563065
164,258,0.4424780122935772,40.0001049041748047,0.4427094943821430,5458.2850854303851520,-3599.9878035285551050,1358.2067336686484396,-1.8074968286039352,0.0931513946704134,7.5107688788085829
165,259,0.4421307891607285,90.0002360343933105,0.4426516238600016,5467.2152341623877874,-3600.3982956885579370,1320.6829621505053183,-1.7709922377746383,0.0690950966274141,7.5197196410495186
166,260,0.4420729186385870,85.0002229213714600,0.4425358828157187,5484.5279921999090220,-3600.8589377660109676,1245.5044776536387872,-1.6978071508542190,0.0209761686412987,7.5368681823075088
167,264,0.9106505364179611,35.0000917911529541,0.9108241479843855,-5662.9228040428506574,3302.1978914815026656,1274.4834999777826852,-0.8037737890713452,1.5279635765114647,-7.5303815390375810
168,265,0.9102454427629709,95.0002491474151611,0.9107662774622440,-5658.8118236307536790,3294.5193490506503622,1312.0612768604571556,-0.8416006722685265,1.5500054856054855,-7.5217393215699717
169,266,0.9102454427629709,85.0002229213714600,0.9107084069401026,-5654.5120507174033264,3286.7308756403626830,1349.5952764340302110,-0.8793994313480492,1.5719957536528035,-7.5128461390650152
170,268,0.3793412726372480,70.0001835823059082,0.3797463662922382,5456.5695978679523250,-3606.0137550399631436,1349.0836937917349587,-1.7985274098509900,0.0892492802172261,7.5129691095210340
171,269,0.3791097905486822,95.0002491474151611,0.3796306252479553,5474.1580151980606388,-3606.6752572189811872,1273.9707235161301924,-1.7254827196338536,0.0410540144007977,7.5304976642163837
172,270,0.3792255315929651,65.0001704692840576,0.3795727547258139,5482.6783979818119406,-3606.8255320813691469,1236.3498518617404898,-1.6888734799160485,0.0169538155249773,7.5388851997889770
173,274,0.8475137967616320,70.0001835823059082,0.8479188904166222,-5662.3203393932353720,3314.0733374598135015,1246.0176879967207242,-0.7734917740482703,1.5120882644568812,-7.5367546513465111
174,275,0.8472823146730661,95.0002491474151611,0.8478031493723392,-5654.2119921946259637,3298.7640561341218017,1321.1950045504574973,-0.8491114166882914,1.5562801505932147,-7.5195992588395946
175,276,0.8473980557173491,65.0001704692840576,0.8477452788501978,-5649.8747908303857912,3290.9441780192146325,1358.7181664604981961,-0.8868793063402033,1.5782986861854982,-7.5106450769419570
176,278,0.3162624035030603,85.0002229213714600,0.3167253676801920,5463.6773547747689008,-3612.4043107680909088,1302.4126263341026970,-1.7530837932987440,0.0611909819462041,7.5239832533056337
177,279,0.3161466624587774,95.0002491474151611,0.3166674971580505,5472.3357181838709948,-3612.6550232119757311,1264.8238065119160183,-1.7165441089188949,0.0370521909507243,7.5325609573307446
178,280,0.3164938855916262,20.0000524520874023,0.3166096266359091,5480.8114951335664955,-3612.7852154348383920,1227.1927854726848182,-1.6799471996393918,0.0129120908385622,7.5408873352514574
179,284,0.7844349276274443,85.0002229213714600,0.7848978918045759,-5653.7845270761335996,3310.7372841970181980,1292.7694872603174190,-0.8188423104255383,1.5404710588045958,-7.5262086940413928
180,285,0.7843191865831614,90.0002360343933105,0.7848400212824345,-5649.5984538558068380,3302.9961405286876470,1330.3261241559205246,-0.8566078642285433,1.5625698377098971,-7.5174443521613723
181,286,0.7846085391938686,30.0000786781311035,0.7847821507602930,-5645.2238956660103213,3295.1447829009871384,1367.8383743304384552,-0.8943447930816606,1.5846165562325281,-7.5084291885469163
182,287,0.2535886280238628,50.0001311302185059,0.2538779806345701,5444.1084727307907087,-3617.5736129494994202,1368.3412888608295361,-1.8170197776787553,0.1055605587475767,7.5083065477231949
183,288,0.2532414048910141,95.0002491474151611,0.2537622395902872,5461.8823591734408183,-3618.3972003131798374,1293.2735928969941597,-1.7441403585957758,0.0572097493636458,7.5260927826274511
184,289,0.2532414048910141,80.0002098083496094,0.2537043690681458,5470.4960921937945386,-3618.6279327355468922,1255.6743927019770126,-1.7076128222756550,0.0330309690866539,7.5346093809103900
185,293,0.7217611521482468,45.0001180171966553,0.7219926342368126,-5653.2297934027137671,3322.6500693012881129,1264.3192677188437756,-0.7885928575704502,1.5245688035871330,-7.5326743183772118
186,294,0.7214139290153980,95.0002491474151611,0.7219347637146711,-5649.1947523801773059,3314.9881261240884669,1301.9086619673485075,-0.8263552248321803,1.5467474234751597,-7.5240999839839544
187,295,0.7214139290153980,80.0002098083496094,0.7218768931925297,-5644.9712397003822844,3307.2155691723219206,1339.4546176518165339,-0.8640899763726727,1.5688745108947026,-7.5152746057891333
188,297,0.1904518883675337,75.0001966953277588,0.1908569820225239,5451.3186979078718650,-3624.0517210998614246,1321.6986673981912190,-1.7716616063875210,0.0774259674678486,7.5194807992730404
189,298,0.1902782768011093,95.0002491474151611,0.1907991115003824,5460.0700144431848457,-3624.3832879604424306,1284.1320064932797322,-1.7352041813012666,0.0532090917267966,7.5281874551829606
190,299,0.1903940178453922,60.0001573562622070,0.1907412409782410,5468.6391536071787414,-3624.5939434686256391,1246.5225001475544104,-1.6986889088726886,0.0289903679526103,7.5366429309116638
191,303,0.6586244124919176,75.0001966953277588,0.6590295061469078,-5648.6638240713609775,3326.9196440320038164,1273.4663228961001096,-0.7961221330332355,1.5308317687913875,-7.5306118452337900
192,304,0.6584508009254932,90.0002360343933105,0.6589716356247663,-5644.5912614830704115,3319.2263541857228120,1311.0452666620467426,-0.8338538568494562,1.5530388226135281,-7.5219764210940125
193,305,0.1552087403833866,95.0002491474151611,0.1557295750826597,-5636.9850107547026710,3413.0939617452986568,1082.9143029776828371,-0.5927271426041172,1.4230218965909318,-7.5704064841238825
194,306,0.1554402224719524,45.0001180171966553,0.1556717045605183,-5633.9281035805506690,3405.9375161136281349,1120.6951194611442588,-0.6303843240738265,1.4458063963276966,-7.5630437382658142
195,307,0.6306150797754526,85.0002229213714600,0.6310780439525843,5538.3113839636462217,-3581.7858389484508734,1046.6284005968977908,-1.5035431296669324,-0.1107106728163200,7.5772338173490326
196,308,0.6304993387311697,95.0002491474151611,0.6310201734304428,5545.7225822853060890,-3581.1788339059808095,1008.7779689721594423,-1.4665090459334145,-0.1346422406758859,7.5841013840693829
197,309,0.6307886913418770,35.0000917911529541,0.6309623029083014,5552.9487472813116256,-3580.4523563674101752,970.8938791747381174,-1.4294260793745202,-0.1585693899940502,7.5907159050238970
198,314,0.0923613533377647,90.0002360343933105,0.0928821880370378,-5638.1846274333720430,3431.5019805192418971,1016.4556337762967360,-0.5250263140258703,1.3834503517543457,-7.5827292983748951
199,315,0.0923034828156233,90.0002360343933105,0.0928243175148964,-5635.4657105427731949,3424.5428092264742190,1054.2990865219057923,-0.5626926805248137,1.4063584537020346,-7.5758104494243028
200,316,0.5680570453405380,30.0000786781311035,0.5682306569069624,5520.9589231136287708,-3588.5476587481221031,1113.0373133702089490,-1.5685546109301465,-0.0669605947355451,7.5645570808808307
201,317,0.5676519516855478,90.0002360343933105,0.5681727863848209,5528.6950049424212921,-3588.1589671688257113,1075.2490685509364994,-1.5316353549368871,-0.0909380126729904,7.5718686290756745
202,318,0.5675940811634064,85.0002229213714600,0.5680570453405380,5543.6135199856507825,-3587.0224863780185842,999.5662129242570018,-1.4576449093964294,-0.1388831670424063,7.5857335770935714
203,323,0.0296875778585672,50.0001311302185059,0.0299769304692745,-5636.3897352227613737,3442.8021418959756375,987.7944903678186392,-0.4950294237027489,1.3666209030513530,-7.5877970647371331
204,324,0.0293403547257185,95.0002491474151611,0.0298611894249916,-5631.0635260900244248,3428.9368311674547840,1063.4987370800704412,-0.5703213836955043,1.4125423431962343,-7.5740893027874421
205,325,0.0293403547257185,85.0002229213714600,0.0298033189028502,-5628.1185733561278539,3421.8324396397488272,1101.2982657036729961,-0.6079393796402159,1.4354328635695415,-7.5668562377971105
206,326,0.5049203056842089,60.0001573562622070,0.5052675288170576,5518.9657563164246312,-3594.4467913308171774,1103.8491906357803600,-1.5596572192343228,-0.0711029565588951,7.5663587574658866
207,327,0.5046309530735016,95.0002491474151611,0.5051517877727747,5534.1647281757132077,-3593.5079408694900849,1028.2194469532057610,-1.4857948914657237,-0.1191334123706299,7.5806063008952771
208,328,0.5046888235956430,75.0001966953277588,0.5050939172506332,5541.4873674542041044,-3592.8586814884924934,990.3524836982306851,-1.4487888218433642,-0.1431431889801728,7.5873507956184660
209,332,0.9737872760742903,70.0001835823059082,0.9741923697292805,-5690.6834212423600547,3348.3458652735980650,1001.1073651070518054,-0.5305421471865170,1.3662609038374718,-7.5854615740458247
210,333,0.9735557939857244,95.0002491474151611,0.9740766286849976,-5684.9991546018272857,3334.4905599548610553,1076.7874017267649833,-0.6065573512823504,1.4109200746500665,-7.5715760473745890
211,334,0.9736715350300074,65.0001704692840576,0.9740187581628561,-5681.8724707240617136,3327.3958975442760675,1114.5741600282233321,-0.6445351636521693,1.4331795320981042,-7.5642542243246140
212,336,0.4418414365500212,75.0001966953277588,0.4422465302050114,5524.6027250983688646,-3599.9083579511761855,1056.8530337553731897,-1.5138753836526746,-0.0993206300017844,7.5753341744010472
213,337,0.4416678249835968,95.0002491474151611,0.4421886596828699,5532.0657227361107289,-3599.3579072192483181,1019.0119164344769160,-1.4769327228746456,-0.1233734791615739,7.5822700977585553
214,338,0.4417835660278797,65.0001704692840576,0.4421307891607285,5539.3441426012213924,-3598.6873775447888875,981.1367994822874152,-1.4399408317242770,-0.1474222855836455,7.5889530364516267
215,342,0.9107084069401026,85.0002229213714600,0.9111713711172342,-5683.6167919848176098,3345.9465273839737165,1048.1678245989019160,-0.5762926160578971,1.3946689647177881,-7.5769490177875678
216,343,0.9105926658958197,95.0002491474151611,0.9111135005950928,-5680.6412308697726985,3338.9328140853672267,1085.9818874803415838,-0.6142617119559417,1.4170052163156281,-7.5698183521654654
217,344,0.9108820185065269,35.0000917911529541,0.9110556300729513,-5677.4761475857831101,3331.8076902005964257,1123.7597162577551444,-0.6522102683762735,1.4392942647505063,-7.5624351173350686
218,346,0.3788204379379749,85.0002229213714600,0.3792834021151066,5522.5308746217606313,-3605.7720494215554936,1047.6518778815211590,-1.5050072496836222,-0.1035406786435216,7.5770445178108634
219,347,0.3787046968936920,95.0002491474151611,0.3792255315929651,5529.9496225943221361,-3605.2004281444201297,1009.8023743511416797,-1.4680785859973233,-0.1276326496724625,7.5839189269595675
220,348,0.3789940495043993,35.0000917911529541,0.3791676610708237,5537.1838634409232327,-3604.5085328992513496,971.9191784685284574,-1.4311009874373430,-0.1517204358270393,7.5905402964301691
221,351,0.8482082430273294,20.0000524520874023,0.8483239840716124,-5684.7427382544301508,3364.1596400984726642,981.6535573027282453,-0.5080750424360627,1.3558687835969931,-7.5888635981642620
222,352,0.8477452788501978,90.0002360343933105,0.8482661135494709,-5682.1077489472309026,3357.3393529164864049,1019.5282190705592029,-0.5460528389227679,1.3783273215845633,-7.5821772077879928
223,353,0.8476874083280563,85.0002229213714600,0.8481503725051880,-5676.2691503445221315,3343.3629373319149636,1095.1742294682769625,-0.6219523737164052,1.4231059117858953,-7.5680457138742492
224,355,0.3163202740252018,20.0000524520874023,0.3164360150694847,5505.1405121765019430,-3612.4526438015186613,1114.0590775418752401,-1.5698253423806037,-0.0595080108418882,7.5643557762500269
225,356,0.3158573098480701,90.0002360343933105,0.3163781445473433,5512.8831787829049063,-3612.1007482685054129,1076.2718207867360434,-1.5330117626518498,-0.0836452940758287,7.5716741556258160
226,357,0.3157994393259287,85.0002229213714600,0.3162624035030603,5527.8164456267004425,-3611.0354619376289520,1000.5908388831416005,-1.4592325292999639,-0.1319109030358503,7.5855527852434710
227,361,0.7850136328488588,60.0001573562622070,0.7853608559817076,-5680.4721898230345687,3368.6685580356725040,990.8691323873181318,-0.5158387579356059,1.3618954931964922,-7.5872605174756158
228,362,0.7847242802381516,95.0002491474151611,0.7852451149374247,-5674.9353889876365429,3354.8554686139091245,1066.5678160792865583,-0.5917184828408018,1.4068265293742424,-7.5735117001253265
229,363,0.7847821507602930,75.0001966953277588,0.7851872444152832,-5671.8829428543067479,3347.7808954976285349,1104.3644095444669802,-0.6296292967375738,1.4292221264457847,-7.5662581360002097
230,365,0.2531256638467312,55.0001442432403564,0.2534150164574385,5510.8213518613410997,-3617.9707806011547291,1067.0750907759097572,-1.5241456789655188,-0.0878644229020149,7.5734160661553984
231,366,0.2528363112360239,95.0002491474151611,0.2533571459352970,5518.3358407294044810,-3617.4772154664865411,1029.2433799986920349,-1.4872949280158154,-0.1120381529400263,7.5804203292433652
232,367,0.2528941817581654,75.0001966953277588,0.2532992754131556,5525.6662098136239365,-3616.8629669363276662,991.3773282143764618,-1.4503946011969717,-0.1362082182640250,7.5871716693849693
233,371,0.7219926342368126,70.0001835823059082,0.7223977278918028,-5676.1873400432223207,3373.1655105746085610,1000.0827514621089449,-0.5235889796649646,1.3679379295359611,-7.5856424592734459
234,372,0.7217611521482468,95.0002491474151611,0.7222819868475199,-5670.5734241958080020,3359.2917738684955111,1075.7646627365686527,-0.5994109101540609,1.4129286775716130,-7.5717706140311609
235,373,0.7218768931925297,65.0001704692840576,0.7222241163253784,-5667.4826383126983274,3352.1866544600511588,1113.5524095672840303,-0.6372924412796005,1.4353538255816818,-7.5644556220720691
236,375,0.1901046652346849,70.0001835823059082,0.1905097588896751,5501.0883145065145072,-3624.2273646500548239,1095.6811379642294924,-1.5520737407204364,-0.0678868480652401,7.5679475155320484
237,376,0.1898731831461191,95.0002491474151611,0.1903940178453922,5516.2126928944044266,-3623.3186065522604622,1020.0360743286710203,-1.4784508373330993,-0.1163155370565853,7.5820857906020933
238,377,0.1899889241904020,65.0001704692840576,0.1903361473232508,5523.4989332393470249,-3622.6829015231105586,982.1618605326160605,-1.4415648500506011,-0.1405245742491534,7.5887755761883326
239,381,0.6589716356247663,80.0002098083496094,0.6594345998018980,-5671.8882183151690697,3377.6504631511093066,1009.2943963392040132,-0.5313256673751522,1.3739960584912336,-7.5840094267518374
240,382,0.6587980240583420,95.0002491474151611,0.6593188587576151,-5666.1973235802206545,3363.7159232300550684,1084.9593857974443836,-0.6070896135821848,1.4190463569361949,-7.5700145810010548
241,383,0.1556138340383768,90.0002360343933105,0.1561346687376499,-5653.1125933612865992,3459.9874365597147516,817.5076369050066205,-0.3286422912018194,1.2622458425353735,-7.6148605237428750
242,384,0.1559610571712255,20.0000524520874023,0.1560767982155085,-5651.3739398003963288,3453.6329774995920161,855.5148391707118662,-0.3664118088912120,1.2853461217720588,-7.6092705860793544
243,385,0.6302678566426039,80.0002098083496094,0.6307308208197355,5579.9983494787193194,-3576.3522584256334085,819.0462344932838050,-1.2806301539476701,-0.2542178397826866,7.6146392440717818
244,386,0.6300942450761795,95.0002491474151611,0.6306150797754526,5592.4069821228740693,-3573.5861843433699505,742.9533768296173548,-1.2059711369084651,-0.3019948085859980,7.6250773026345566
245,387,0.6302678566426039,55.0001442432403564,0.6305572092533112,5598.3315163265324372,-3572.0242907849797120,704.8691297795162427,-1.1685807202941532,-0.3258686888620518,7.6299147974533756
246,391,0.0931136701256037,35.0000917911529541,0.0932872816920280,-5651.9457778921942008,3476.9977276805561814,750.6727091348806198,-0.2609404163960441,1.2218462766496374,-7.6240653783890311
247,392,0.0927085764706135,95.0002491474151611,0.0932294111698866,-5650.5451607052918916,3470.8446982116133768,788.7269860321662236,-0.2987033065531065,1.2450608317382512,-7.6189219039538223
248,393,0.0927085764706135,85.0002229213714600,0.0931715406477451,-5648.9560238031508561,3464.5758600169078818,826.7549468223600115,-0.3364561841751787,1.2682339202381674,-7.6135242219559149
249,395,0.5672468580305576,90.0002360343933105,0.5677676927298307,5577.6688754554379557,-3582.0876021106378175,809.7975780094277525,-1.2718401946215894,-0.2586522629557095,7.6159630149334827
250,396,0.5671889875084162,90.0002360343933105,0.5677098222076893,5583.9225296823351528,-3580.7419608019308725,771.7577232703049503,-1.2345471217344952,-0.2825836103392290,7.6212473405608998
251,397,0.5675362106412649,15.0000393390655518,0.5675940811634064,5595.8707167160255267,-3577.6923460148227605,695.6020340942139910,-1.1598387915480206,-0.3304174446022223,7.6310529685322486
252,401,0.0299769304692745,65.0001704692840576,0.0303241536021233,-5647.8529426400091324,3481.6340133389680886,759.9312641567170203,-0.2687962775970073,1.2277886840965486,-7.6228377017339337
253,402,0.0297454483807087,95.0002491474151611,0.0302662830799818,-5646.4131649915107118,3475.4512320911971983,797.9792568327696927,-0.3065316808416251,1.2510341292994605,-7.6176323785406037
254,403,0.0298033189028502,70.0001835823059082,0.0302084125578403,-5644.7850055524513664,3469.1524883414249416,836.0006246969911672,-0.3442568102938909,1.2742379085578179,-7.6121728908099753
255,404,0.5046888235956430,35.0000917911529541,0.5048624351620674,5568.9266569987812545,-3589.0632931474224279,838.5668473766102125,-1.3002940000553103,-0.2391272655929497,7.6117951090982530
256,405,0.5042837299406528,90.0002360343933105,0.5048045646399260,5575.3225192823747420,-3587.8150148046620416,800.5473229572673972,-1.2630588519579558,-0.2631055245618814,7.6172717516219377
257,406,0.5042258594185114,85.0002229213714600,0.5046888235956430,5587.5559779199020340,-3584.9594155766453696,724.4294120540026825,-1.1884635158268761,-0.3110351297434789,7.6274624049047768
258,410,0.9740766286849976,85.0002229213714600,0.9745395928621292,-5703.1771387613789557,3387.2233458987498125,773.3060970127512519,-0.3021112510133651,1.2312151247138556,-7.6210372802728639
259,411,0.9739608876407146,95.0002491474151611,0.9744817223399878,-5701.5701912569074921,3381.0250864719464516,811.3448770942404735,-0.3402157933280950,1.2538296577831742,-7.6157426113186952
260,412,0.9741923697292805,45.0001180171966553,0.9744238518178463,-5699.7730216592799479,3374.7140147641739532,849.3565864160723322,-0.3783089392273572,1.2764024323686796,-7.6101938408798651
261,414,0.4415520839393139,60.0001573562622070,0.4418993070721626,5566.6072847329223805,-3594.8049695836816682,829.3216257784602021,-1.2915056718769411,-0.2435610404714338,7.6131506117832748
262,415,0.4413206018507481,90.0002360343933105,0.4418414365500212,5572.9593000719269185,-3593.5344553544027804,791.2954875971133788,-1.2542861737881761,-0.2675776023112990,7.6185654515536605
263,416,0.4413206018507481,75.0001966953277588,0.4417256955057383,5585.1053029629565572,-3590.6338123475347857,715.1652754508374983,-1.1797230154794816,-0.3155833642301915,7.6286323718993723
264,420,0.9111135005950928,85.0002229213714600,0.9115764647722244,-5699.1315383261298848,3391.9038688971131705,782.5609521221273326,-0.3100403228370507,1.2370563116165465,-7.6197728180521631
265,421,0.9109977595508099,90.0002360343933105,0.9115185942500830,-5697.4850639883707117,3385.6763623922474835,820.5932643745427413,-0.3481176927598075,1.2597020321730168,-7.6144163256777988
266,424,0.3784732148051262,80.0002098083496094,0.3789361789822578,5564.2710254176054150,-3600.5387267575383703,820.0747670708516353,-1.2827259432474281,-0.2480136623272448,7.6144910858468338
267,425,0.3782996032387018,95.0002491474151611,0.3788204379379749,5576.7015873524460403,-3597.8329610445971412,743.9833202503743905,-1.2082769632352190,-0.2961142817863396,7.6249429001704083
268,426,0.3784732148051262,55.0001442432403564,0.3787625674158335,5582.6378723228644958,-3596.3000086998058578,705.8997270867976113,-1.1709914519679554,-0.3201502840861734,7.6297872797109756
269,429,0.8484397251158953,50.0001311302185059,0.8487290777266026,-5697.8730556312257249,3408.7463665278364715,715.6847360143948436,-0.2418255759216911,1.1974365971856258,-7.6285671724887161
270,430,0.8480925019830465,95.0002491474151611,0.8486133366823196,-5695.0712491230297019,3396.5728951392920862,791.8142624292602250,-0.3179564670443837,1.2429136841020829,-7.6184933141375319
271,431,0.8480925019830465,80.0002098083496094,0.8485554661601782,-5693.3853127558850247,3390.3160609193168966,829.8400317754842490,-0.3560065666187575,1.2655905150369398,-7.6130750089168755
272,434,0.3154522161930799,90.0002360343933105,0.3159730508923531,5561.9178981317327271,-3606.2645234999768036,810.8262895074257131,-1.2739548620154855,-0.2524851089080457,7.6158165286427879
273,435,0.3153943456709385,90.0002360343933105,0.3159151803702116,5568.1823495014014043,-3604.9492556477839571,772.7871490097032847,-1.2367670019787225,-0.2765781164869927,7.6211077309613566
274,436,0.3156836982816458,25.0000655651092529,0.3157994393259287,5580.1537057924806504,-3601.9579638039867859,696.6327852523835418,-1.1622688727512633,-0.3247358662370234,7.6309271260597606
275,439,0.7853608559817076,65.0001704692840576,0.7857080791145563,-5692.5317634021039339,3407.4031451964597181,763.0201304896627335,-0.2878259931114293,1.2260377550709043,-7.6224247283559272
276,440,0.7851293738931417,95.0002491474151611,0.7856502085924149,-5690.9962993579501926,3401.2303890824960035,801.0660096676797366,-0.3258596422574092,1.2487872094201480,-7.6171987710547722
277,441,0.7851872444152832,70.0001835823059082,0.7855923380702734,-5689.2709659714791997,3394.9441466745106482,839.0851610435460088,-0.3638823737162110,1.2714950733876318,-7.6117186636837451
278,443,0.2528941817581654,35.0000917911529541,0.2530677933245897,5553.1416938397696867,-3613.1996017880414911,839.5949955461381933,-1.3023221827965197,-0.2328357079071757,7.6116434220174387
279,444,0.2524890881031752,90.0002360343933105,0.2530099228024483,5559.5479220568813616,-3611.9823186898129279,801.5762113449779918,-1.2651924759745081,-0.2569753578428146,7.6171269375546657
280,445,0.2524312175810337,85.0002229213714600,0.2528941817581654,5571.8036909888933224,-3609.1862899607290274,725.4596778671027550,-1.1908078062771890,-0.3052283525406244,7.6273313511303895
281,449,0.7223398573696613,80.0002098083496094,0.7228028215467930,-5689.8667964298201696,3418.1666463508558991,734.2114187541982346,-0.2577270006415700,1.2090746151470237,-7.6262104932115005
282,450,0.7221662458032370,95.0002491474151611,0.7226870805025101,-5686.9067173254234149,3405.8763152543911019,810.3161755741999741,-0.3337498071798513,1.2546768547180354,-7.6158891913593454
283,451,0.7223398573696613,50.0001311302185059,0.7226292099803686,-5685.1420521354584707,3399.5605843501220988,848.3286339285829172,-0.3717450729456784,1.2774156741358424,-7.6103472926558684
284,453,0.1897574421018362,60.0001573562622070,0.1901046652346849,5550.7986405470246609,-3618.9317749197448393,830.3499571545323761,-1.2935527317081033,-0.2373064979765958,7.6130005960153770
285,454,0.1895259600132704,90.0002360343933105,0.1900467947125435,5557.1611164771766198,-3617.6920712539658780,792.3245508434871454,-1.2564388328623428,-0.2614843866419390,7.6184223099956778
286,455,0.1895259600132704,75.0001966953277588,0.1899310536682606,5569.3296213367739256,-3614.8506303604012828,716.1956994095967275,-1.1820866550117433,-0.3098134060971928,7.6285029928595751
287,459,0.6593188587576151,85.0002229213714600,0.6597818229347467,-5684.4168671433326381,3416.7421417077748629,781.5317065759968500,-0.3036477740206809,1.2377709059438267,-7.6199141945531847
288,460,0.6592031177133322,90.0002360343933105,0.6597239524126053,-5682.8025314085234641,3410.5106382532671887,819.5647418887803042,-0.3416269205971543,1.2605825870407101,-7.6145645776363926
289,461,0.1560189276933670,90.0002360343933105,0.1565397623926401,-5659.9997540624572139,3501.2247747075266489,550.7646064846599074,-0.0640179577467099,1.0994101059627797,-7.6468666941836174
290,463,0.6299785040318966,65.0001704692840576,0.6303257271647453,5620.1599049384831233,-3564.5855934282485578,552.3096783640836520,-1.0186421234573009,-0.4212482690143337,7.6467175466858128
291,464,0.6297470219433308,95.0002491474151611,0.6302678566426039,5625.1486558355618399,-3562.4284466876974875,514.1205624662751461,-0.9810694949820362,-0.4450602012047160,7.6502807256950494
292,465,0.6298048924654722,70.0001835823059082,0.6302099861204624,5629.9497264207520857,-3560.1524482340196300,475.9142927851581248,-0.9434641802651527,-0.4688573587246261,7.6535886508453164
293,469,0.0934030227363110,55.0001442432403564,0.0936923753470182,-5656.4683941290986695,3516.8095647647255646,483.6626739443140082,0.0035743033972194,1.0582485586788244,-7.6529385422222784
294,470,0.0931136701256037,95.0002491474151611,0.0936345048248768,-5656.3883775216199865,3511.4727169584575677,521.8655683830667158,-0.0342233841434548,1.0817316175974510,-7.6495788502432998
295,471,0.0931136701256037,80.0002098083496094,0.0935766343027353,-5656.1196446134290454,3506.0187074917184873,560.0510506241301982,-0.0720198830586009,1.1051786595324404,-7.6459639278236295
296,473,0.5669575054198503,75.0001966953277588,0.5673625990748405,5617.5251614130238522,-3570.1612854975360278,543.0223266083726230,-1.0099683173205565,-0.4259473371001935,7.6476077293914484
297,474,0.5667838938534260,95.0002491474151611,0.5673047285526991,5622.4706425995846075,-3567.9805807224529417,504.8289209844023162,-0.9724134446390442,-0.4497964584479057,7.6511088318801743
298,475,0.5669575054198503,55.0001442432403564,0.5672468580305576,5627.2285328740745172,-3565.6808388995455061,466.6186715954595456,-0.9348261746014954,-0.4736306470628782,7.6543546528799284
299,479,0.0303820241242647,65.0001704692840576,0.0307292472571135,-5652.6534336496742981,3521.6497243876601715,492.9565584693116307,-0.0044665750211662,1.0639692408107280,-7.6521448380789332
300,480,0.0301505420356989,95.0002491474151611,0.0306713767349720,-5652.5333279535898328,3516.2842287471962663,531.1553349131570485,-0.0422386296488318,1.0874845560933073,-7.6487230540166484
301,481,0.0302084125578403,70.0001835823059082,0.0306135062128305,-5652.2246346388901657,3510.8014108290108197,569.3363892035532672,-0.0800092281558971,1.1109636623924442,-7.6450460680675620
302,483,0.5039365068078041,85.0002229213714600,0.5043994709849358,5614.8738506754480113,-3575.7283946990128243,533.7339029078724479,-1.0013039104126948,-0.4306648572696660,7.6484828154560844
303,484,0.5038207657635212,95.0002491474151611,0.5043416004627943,5619.7761093666713350,-3573.5240398852602084,495.5362829528500583,-0.9637669040949752,-0.4545511101033607,7.6519218345130051
304,485,0.5041101183742285,35.0000917911529541,0.5042837299406528,5624.4908670970180538,-3571.2004629785164980,457.3221292844412460,-0.9261977889893876,-0.4784222715280938,7.6551055449548793
305,488,0.9744817223399878,85.0002229213714600,0.9749446865171194,-5709.0958300759702979,3427.4355540802107498,506.3833690052273937,-0.0351671806732324,1.0718077077660344,-7.6509713517695666
306,489,0.9743659812957048,90.0002360343933105,0.9748868159949780,-5708.8215891795216521,3422.0325489537067369,544.5760622615065358,-0.0733158858350877,1.0946933477834204,-7.6474598641525917
307,490,0.9745395928621292,45.0001180171966553,0.9747710749506950,-5707.7017262551216845,3410.8841888480383204,620.9056652502147244,-0.1496045481702423,1.1403545191697106,-7.6396715353736129
308,493,0.4409733787178993,90.0002360343933105,0.4414942134171724,5607.1596612769180865,-3583.3954966119708843,562.6286862389456473,-1.0301349068132035,-0.4114630263928532,7.6457106517509841
309,494,0.4409155081957579,85.0002229213714600,0.4413784723728895,5617.0650771390191949,-3579.0587839569661810,486.2426667156117333,-0.9551299201086254,-0.4593241317053388,7.6527197319886424
310,498,0.9115185942500830,85.0002229213714600,0.9119815584272146,-5705.3306241810105348,3432.3163777388599556,515.6748419856679675,-0.0432790002573564,1.0774251828660744,-7.6501407191034430
311,499,0.9114028532058001,90.0002360343933105,0.9119236879050732,-5705.0159391171282550,3426.8852394595546684,553.8632329039234037,-0.0814024039046109,1.1003433527729725,-7.6465671561340987
312,500,0.9118079468607903,10.0000262260437012,0.9118658173829317,-5704.5109154647934702,3421.3397613364809331,592.0331440131508316,-0.1195230459107707,1.1232248853577049,-7.6427384632101090
313,502,0.3783574737608433,40.0001049041748047,0.3785889558494091,5599.3283879881764733,-3590.9814950331428918,591.5127188558789157,-1.0589057651577305,-0.3921914397304803,7.6427923937354025
314,503,0.3779523801058531,95.0002491474151611,0.3784732148051262,5609.5216107379155801,-3586.8367031879547540,515.1539130173224521,-0.9840034818170758,-0.4401551569569808,7.6501876907823601
315,504,0.3779523801058531,85.0002229213714600,0.3784153442829847,5614.3375670191317113,-3584.5847727710311119,476.9480906186174707,-0.9465025393779979,-0.4641154986721140,7.6535025227320084
316,507,0.8489605598151684,30.0000786781311035,0.8491341713815928,-5701.6897504318267238,3447.7607614140906662,448.5459983580594781,0.0248214215704059,1.0370506999075777,-7.6558004716341870
317,508,0.8484975956380367,95.0002491474151611,0.8490184303373098,-5701.5502897371197832,3437.1862796925643124,524.9652970061899850,-0.0513785898166359,1.0830593680419087,-7.6492949847961107
318,509,0.8484975956380367,85.0002229213714600,0.8489605598151684,-5701.1952218334099598,3431.7269249945843512,563.1493102012582312,-0.0894765910419492,1.1060099945642221,-7.6456593535287318
319,512,0.3152786046266556,60.0001573562622070,0.3156258277595043,5596.7139285717612438,-3596.5699087418929594,582.2300954366379528,-1.0502343078587464,-0.3968897801906892,7.6437463013628673
320,513,0.3149892520159483,95.0002491474151611,0.3155100867152214,5606.8207233763587283,-3592.3778219504179106,505.8623835048180695,-0.9753675537454101,-0.4449278877329385,7.6510174766785157
321,514,0.3150471225380898,75.0001966953277588,0.3154522161930799,5611.5936002097196251,-3590.1019662137437081,467.6525730096277016,-0.9378848085399436,-0.4689251863061782,7.6542702051978537
322,517,0.7858238201588392,55.0001442432403564,0.7861131727695465,-5697.9601462484488366,3447.4180320669975117,496.0573300664981957,-0.0213913786868809,1.0656909733368483,-7.6518766506581937
323,518,0.7855344675481319,95.0002491474151611,0.7860553022474051,-5697.7548534810448473,3442.0452232830461980,534.2547157270681737,-0.0594659066877362,1.0887102322324418,-7.6484341505170850
324,519,0.7855344675481319,80.0002098083496094,0.7859974317252636,-5697.3594642777234185,3436.5575690562550335,572.4342758223574492,-0.0975384047631497,1.1116932418515701,-7.6447364581285360
325,522,0.2522576060146093,70.0001835823059082,0.2526626996695995,5594.0828909742513133,-3602.1497624350872684,572.9463226751748834,-1.0415722160487642,-0.4016065909033829,7.6446851199719230
326,523,0.2520261239260435,95.0002491474151611,0.2525469586253166,5604.1033524792301250,-3597.9101967955725740,496.5698554025319140,-0.9667412121342195,-0.4497189731090479,7.6518321592027148
327,524,0.2521418649703264,65.0001704692840576,0.2524890881031752,5608.8331980135135382,-3595.6103242245217189,458.3561322383847028,-0.9292767741700592,-0.4737531697942688,7.6550227778707391
328,527,0.7228028215467930,65.0001704692840576,0.7231500446796417,-5694.1900217507836715,3452.2942013519277680,505.3499127087142142,-0.0294917144923325,1.0713259868922145,-7.6510628011543300
329,528,0.7225713394582272,95.0002491474151611,0.7230921741575003,-5693.9443422409958657,3446.8931719188299212,543.5430798107407782,-0.0675409082847189,1.0943777442709337,-7.6475582179656767
330,529,0.7226292099803686,70.0001835823059082,0.7230343036353588,-5693.5086934904975351,3441.3771352093353926,581.7181114384843568,-0.1055878026623101,1.1173930632242459,-7.6437984717553293
331,532,0.1892366074025631,80.0002098083496094,0.1896995715796947,5591.4352958983017743,-3607.7210157380018245,563.6614188979241362,-1.0329195366637256,-0.4063418477457410,7.6456088477093083
332,533,0.1890629958361387,95.0002491474151611,0.1895838305354118,5601.3695192165532717,-3603.4337875923511092,487.2763470542579398,-0.9581245036396604,-0.4545283884243627,7.6526317367467440
333,534,0.1892944779247046,45.0001180171966553,0.1895259600132704,5606.0563818331957009,-3601.1098067960974731,449.0587866563533908,-0.9206784827821775,-0.4785994242076699,7.6557602392650637
334,537,0.6597818229347467,75.0001966953277588,0.6601869165897369,-5690.4047877266348223,3457.1594223230340504,514.6414977728716167,-0.0375797932950335,1.0769776904748800,-7.6502338481890293
335,538,0.6596082113683224,95.0002491474151611,0.6601290460675955,-5690.1187829364744175,3451.7300890754950160,552.8303709217394726,-0.0756035520991913,1.1000618728851239,-7.6466671888709978
336,539,0.6597818229347467,55.0001442432403564,0.6600711755454540,-5689.6429366030642996,3446.1855870861836593,591.0007987231221023,-0.1136247424116762,1.1231094271664053,-7.6428453962607188
337,540,0.1564818918704987,75.0001966953277588,0.1568869855254889,-5658.5394096089967206,3532.0179886871887902,321.3945678772794281,0.1629044122725436,0.9583989723358228,-7.6643528546713986
338,542,0.6296891514211893,50.0001311302185059,0.6299785040318966,5647.2741006330397795,-3549.8615080175295589,322.9431791876002080,-0.7927411680792484,-0.5638823713075680,7.6642657332834414
339,543,0.6293419282883406,95.0002491474151611,0.6298627629876137,5654.8063450321997152,-3544.0050804272541427,246.3878667028352254,-0.7172162140401603,-0.6112856130586626,7.6680702865980086
340,544,0.6293997988104820,75.0001966953277588,0.6298048924654722,5658.2895260764244085,-3540.8994575271444774,208.0972406035401718,-0.6794172824358934,-0.6349571484995455,7.6695888217373573
341,548,0.0937502458691597,60.0001573562622070,0.0940974690020084,-5651.7450033824470665,3550.8725410145134447,215.8620044837055332,0.2680854740731012,0.8929246309100729,-7.6693015914571347
342,549,0.0934608932584524,95.0002491474151611,0.0939817279577255,-5654.0378514048006764,3541.7302969047805163,292.4316495142117560,0.1925364343000996,0.9403204730464459,-7.6659049203638405
343,550,0.0935187637805939,75.0001966953277588,0.0939238574355841,-5654.9013339281218578,3536.9818443558947365,330.7024750493449119,0.1547517188822382,0.9639718410114524,-7.6638228916032380
344,552,0.5666681528091431,60.0001573562622070,0.5670153759419918,5644.3811086177811376,-3555.2930877991016132,313.6347418505081919,-0.7841782177970253,-0.5688021787607425,7.6647830838707760
345,553,0.5663788001984358,95.0002491474151611,0.5668996348977089,5651.8280275036513558,-3549.3871636519984349,237.0748843627460474,-0.7086925086441975,-0.6162776998107901,7.6684631995941270
346,554,0.5664366707205772,75.0001966953277588,0.5668417643755674,5655.2686942132922923,-3546.2565225696275775,198.7824518222138579,-0.6709136265143550,-0.6399851255998117,7.6699194952352805
347,558,0.0307292472571135,70.0001835823059082,0.0311343409121037,-5648.2141567079152082,3555.9086585653476504,225.1760259737404795,0.2598727258671442,0.8984142337470877,-7.6689431572787674
348,559,0.0305556356906891,90.0002360343933105,0.0310764703899622,-5649.4139307584418930,3551.3692009998062531,263.4631433644799472,0.2221257616255586,0.9221609789865607,-7.6673105058735329
349,560,0.0306135062128305,65.0001704692840576,0.0309607293456793,-5651.2479898024657814,3541.9349701023165835,340.0097294033369622,0.1466110007408242,0.9695615993203037,-7.6632777998847885
350,562,0.5036471541970968,70.0001835823059082,0.5040522478520870,5641.4718409200031601,-3560.7155370920904716,304.3256853876300170,-0.7756253253292378,-0.5737400830993751,7.6652853039123663
351,563,0.5034156721085310,95.0002491474151611,0.5039365068078041,5648.8335358324493427,-3554.7599362534833745,227.7614340286715446,-0.7001790779444885,-0.6212877601954312,7.6688409747798278
352,564,0.5035314131528139,65.0001704692840576,0.5038786362856627,5652.2317397880424323,-3551.6041873861486238,189.4672706374355471,-0.6624203532173245,-0.6450310138052494,7.6702350280480127
353,567,0.9748868159949780,80.0002098083496094,0.9753497801721096,-5705.6824919331702404,3462.0449805649791415,238.6328656349913615,0.2318366122349391,0.9106519504583485,-7.6683985243971025
354,568,0.9747710749506950,90.0002360343933105,0.9752919096499681,-5706.7414170939973701,3457.4460433388776437,276.9170391893042620,0.1937061016740997,0.9337712865188796,-7.6666759582800230
355,569,0.9749446865171194,45.0001180171966553,0.9751761686056852,-5708.2880452168456031,3447.9022554696084626,353.4563909891501794,0.1174271018548929,0.9799159495853572,-7.6624634893825112
356,572,0.4406840261071920,75.0001966953277588,0.4410891197621822,5638.5463197004964968,-3566.1288163049589457,295.0160281753695699,-0.7670825367134262,-0.5786960585240731,7.6657723924168195
357,573,0.4405104145407677,90.0002360343933105,0.4410312492400408,5642.2787313168628316,-3563.1855273412515999,256.7360641675224429,-0.7293913966551904,-0.6025159272044197,7.6676159180394707
358,574,0.4406261555850506,60.0001573562622070,0.4409733787178993,5645.8228926377078096,-3560.1233589004832538,218.4475340856833157,-0.6916759676792738,-0.6263157678857043,7.6692036114093725
359,577,0.9119236879050732,85.0002229213714600,0.9123866520822048,-5702.2038382274467949,3467.1181223399967166,247.9457678904675788,0.2235553083129375,0.9160365285189078,-7.6680030791051434
360,578,0.9118079468607903,90.0002360343933105,0.9123287815600634,-5703.2214680158704141,3462.4922118874151238,286.2278116307813889,0.1854481870110690,0.9391896836689315,-7.6662182871769309
361,579,0.9120972994714975,30.0000786781311035,0.9122709110379219,-5704.0488174857209742,3457.7507762086256662,324.5003052963628534,0.1473349242759099,0.9623115784124729,-7.6641777096283290
362,582,0.3776630274951458,80.0002098083496094,0.3781259916722775,5635.6045672188392928,-3571.5328859015958187,285.7057885913108066,-0.7585498979229937,-0.5836700791212828,7.6662443484225999
363,583,0.3775472864508629,90.0002360343933105,0.3780681211501360,5639.2944192643717543,-3568.5646686291547667,247.4236234363702351,-0.7208785631286101,-0.6075259853817233,7.6680256515565652
364,584,0.3777208980172873,50.0001311302185059,0.3780102506279945,5642.7961206366826445,-3565.4773923183311126,209.1332029197466227,-0.6831832235213524,-0.6313616964413082,7.6695511087669015
365,587,0.8489605598151684,85.0002229213714600,0.8494235239923000,-5698.7096409302157554,3472.1809353207468121,257.2581806924483203,0.2152855168249307,0.9214383138227091,-7.6675924969110607
366,588,0.8488448187708855,90.0002360343933105,0.8493656534701586,-5699.6860330972540396,3467.5279658831741472,295.5380190487139203,0.1772018884753183,0.9446252187426069,-7.6657454826949527
367,592,0.3146998994052410,85.0002229213714600,0.3151628635823727,5632.6466058332016473,-3576.9277064016437180,276.3949850141694355,-0.7500274548669201,-0.5886621188634438,7.6667011709980528
368,593,0.3145841583609581,90.0002360343933105,0.3151049930602312,5636.2939494947058847,-3573.9344709894585321,238.1106942824595762,-0.7123760334983515,-0.6125540005870654,7.6684202481269779
369,594,0.3148735109716654,30.0000786781311035,0.3150471225380898,5639.7532426445604870,-3570.8219972892716214,199.8184589176365193,-0.6747008910777649,-0.6364255193087014,7.6698834661664446
370,596,0.7864025253802538,30.0000786781311035,0.7865761369466782,-5692.7594991463765837,3486.2454073927005993,189.9895657162234102,0.2831254921131127,0.8803243354704305,-7.6702177373733065
371,597,0.7859395612031221,95.0002491474151611,0.7864603959023952,-5695.1999252653695294,3477.2333817934550098,266.5700856578275193,0.2070272816499422,0.9268572770486294,-7.6671667786253641
372,598,0.7859395612031221,85.0002229213714600,0.7864025253802538,-5696.1351377807641256,3472.5532677594005690,304.8476430643142407,0.1689672497765566,0.9500778621672059,-7.6652575457674326
373,602,0.2517367713153362,85.0002229213714600,0.2521997354924679,5629.6724580002446601,-3582.3132383806992038,267.0836358238277626,-0.7415152533895419,-0.5936721516091146,7.6671428592413955
374,603,0.2516210302710533,90.0002360343933105,0.2521418649703264,5633.2773446930832506,-3579.2948951289577053,228.7972950898391105,-0.7038838534578670,-0.6175999464159638,7.6687997069717619
375,606,0.7233236562460661,50.0001311302185059,0.7236130088567734,-5689.3168850039146491,3491.3414039903250341,199.3047253861610670,0.2748322838340409,0.8856926832908650,-7.6699013556335531
376,607,0.7229764331132174,95.0002491474151611,0.7234972678124905,-5691.6747165509241313,3482.2754241073357662,275.8814644046902345,0.1987806465938640,0.9322933887669052,-7.6667259250884321
377,608,0.7229764331132174,85.0002229213714600,0.7234393972903490,-5692.5688076027372517,3477.5680800129389354,314.1566653001697773,0.1607443145507534,0.9555475842618040,-7.6647544773575662
378,611,0.1891787368804216,30.0000786781311035,0.1893523484468460,5618.9941185812585900,-3593.4173355441262174,334.3213106117548818,-0.8081613981668057,-0.5507139580999052,7.6636127517959114
379,612,0.1887157727032900,95.0002491474151611,0.1892366074025631,5626.6821462749658167,-3587.6894424705633355,257.7717594011921847,-0.7330133392701660,-0.5987001511031971,7.6675694122807174
380,613,0.1887157727032900,85.0002229213714600,0.1891787368804216,5630.2446276427417615,-3584.6459018112323065,219.4834442434795960,-0.6954020686349696,-0.6226637963506276,7.6691640273418518
381,616,0.6603026576340199,60.0001573562622070,0.6606498807668686,-5685.8586879623935602,3496.4271305158172254,208.6194916218138644,0.2665505118772277,0.8910782884949613,-7.6695698332444113
382,617,0.6600133050233126,95.0002491474151611,0.6605341397225857,-5688.1340401988018129,3487.3070246749502985,285.1922985521247256,0.1905456553894386,0.9377466194391660,-7.6662699371705187
383,618,0.6600711755454540,75.0001966953277588,0.6604762692004442,-5688.9870681930715364,3482.5723652044730443,323.4650673800443883,0.1525331263600578,0.9610343552373193,-7.6642362784584250
384,619,0.6201983857899904,90.0002360343933105,0.6207192204892635,3948.9549850038879413,-1750.2840098629733347,-5093.1104643429762291,4.7362260697133474,-3.6182383645417806,4.9156774581483216
385,620,0.6203719973564148,40.0001049041748047,0.6206034794449806,3901.3930882286867927,-1714.0440113311688037,-5141.8575329456753025,4.7886787690385475,-3.6413982171643839,4.8472823096672801
386,621,0.0402200128883123,25.0000655651092529,0.0403357539325953,-3250.7959641424758956,2775.2848865211417433,-5131.0460131372201431,5.3506392124523767,-2.7227265468219302,-4.8625910056285830
387,622,0.0396991781890392,95.0002491474151611,0.0402200128883123,-3304.0038246471140155,2802.2948552832708629,-5082.1467965358096990,5.3068313910945575,-2.6854650013589350,-4.9308406414719492
388,623,0.0396413076668978,90.0002360343933105,0.0401621423661709,-3330.4427990560152466,2815.6598943983367462,-5057.4424279532540822,5.2846615734079423,-2.6666994492611988,-4.9647192489079730
389,624,0.5575246103107929,65.0001704692840576,0.5578718334436417,3988.3647287109206445,-1786.2468392488574409,-5049.7309642016707585,4.6857296821073824,-3.6025766150421821,4.9752135831128843
390,625,0.5572931282222271,90.0002360343933105,0.5578139629215002,3964.9006797052311413,-1768.2333995811854948,-5074.4878594245901695,4.7122997038379806,-3.6144575999574413,4.9413863315814766
391,626,0.5572931282222271,75.0001966953277588,0.5576982218772173,3917.5766067475965428,-1732.0299894587631115,-5123.4928941737071000,4.7649671138455272,-3.6378575431282134,4.8732383502654235
392,627,0.6206034794449806,85.0002229213714600,0.6210664436221123,4088.4543306855721312,-1857.5821353390310833,-4942.8173734355859779,4.5751032448972033,-3.5458754218971245,5.1168905508657154
393,630,0.0394098255783319,80.0002098083496094,0.0398727897554636,-3460.9529464096017364,2881.0678856677750446,-4931.4061211465386805,5.1711831858858721,-2.5715490143602473,-5.1316051332283861
394,631,0.0392362140119076,95.0002491474151611,0.0397570487111807,-3512.3545648577937754,2906.5615832751623202,-4879.8339074317509585,5.1245789903198409,-2.5328834517618555,-5.1971687206002137
395,632,0.0394098255783319,50.0001311302185059,0.0396991781890392,-3537.8799778615675677,2919.1632530881702223,-4853.8031433953883607,5.1010200856988233,-2.5134235116526789,-5.2296909521491335
396,632,0.5579297039657831,60.0001573562622070,0.5582769270986319,4148.8447465256604119,-1910.6374604219313369,-4871.7620585192635190,4.4954116083121178,-3.5160682984695679,5.2072938567908613
397,633,0.5576403513550758,95.0002491474151611,0.5581611860543489,4103.6739126886450322,-1875.4074135444352578,-4923.4359183714605024,4.5505520130210009,-3.5413775460272339,5.1418374703899890
398,634,0.5576982218772173,75.0001966953277588,0.5581033155322075,4080.8827901893146191,-1857.6981676658504057,-4949.0268701388777117,4.5778948907291959,-3.5538552233880356,5.1088513913848557
399,635,0.6210085730999708,80.0002098083496094,0.6214715372771025,4244.9875678858734318,-1979.9325546066866082,-4759.9854430945488275,4.3801945603103194,-3.4560783136640048,5.3438552957832908
400,638,0.0391783434897661,60.0001573562622070,0.0395255666226149,-3613.7444262653907572,2956.3825080320730194,-4774.7426609825633932,5.0293255960438792,-2.4545428517850962,-5.3262063944566034
401,639,0.0388889908790588,95.0002491474151611,0.0394098255783319,-3663.7191408447984031,2980.7030822875140075,-4721.2376537321451906,4.9806891125112331,-2.4148782643485753,-5.3896632595655465
402,640,0.0388889908790588,80.0002098083496094,0.0393519550561905,-3688.5235162426261013,2992.7144678468412167,-4694.2484142655230244,4.9561212498714653,-2.3949247064088066,-5.4211224784012231
403,640,0.5583926681429148,55.0001442432403564,0.5586820207536221,4302.5444391964929309,-2031.9026076652396569,-4685.8293750916200224,4.2977437233971632,-3.4238150370093141,5.4308618652080494
404,641,0.5580454450100660,95.0002491474151611,0.5585662797093391,4259.3369759021370555,-1997.5860007764090369,-4739.7481458389684121,4.3549516261551018,-3.4507507049326591,5.3678754665954820
405,642,0.5581033155322075,75.0001966953277588,0.5585084091871977,4237.5197630359343748,-1980.3273706147813300,-4766.4707650255040789,4.3833380571478635,-3.4640461448573547,5.3361130892888644
406,643,0.6214715372771025,65.0001704692840576,0.6218187604099512,4373.6466120440818486,-2082.2340424606818488,-4597.0675975171570826,4.2074176006607420,-3.3746091391961395,5.5314574399452772
407,647,0.0385417677462101,90.0002360343933105,0.0390626024454832,-3810.6826019899031053,3051.2664398417332450,-4556.9710346628344269,4.8308186876182635,-2.2939709710409777,-5.5756846315050241
408,648,0.0384838972240686,85.0002229213714600,0.0390047319233418,-3834.7361560355857364,3062.6731062716712586,-4529.0557347511958142,4.8052713795468147,-2.2735477482795408,-5.6060430540465092
409,648,0.5587977617979050,55.0001442432403564,0.5590871144086123,4449.2125117634859635,-2149.8441474481151090,-4492.2368545769422781,4.0930490722519188,-3.3259677355819490,5.6455521459488320
410,649,0.5584505386650562,95.0002491474151611,0.5589713733643293,4408.0390625674554030,-2116.4970493820292177,-4548.3123962196787033,4.1522309787561245,-3.3544857644595494,5.5851386978049220
411,650,0.5585084091871977,75.0001966953277588,0.5589135028421879,4387.2314300019725124,-2099.7172334626220618,-4576.1229998626477027,4.1816145715239399,-3.3685772189124625,5.5546519435572650
412,651,0.6219923719763756,45.0001180171966553,0.6222238540649414,4517.1007760451548165,-2198.4146417366141577,-4400.0326626991445664,3.9994713799711055,-3.2744489981379399,5.7419146247577855
413,655,0.0382524151355028,75.0001966953277588,0.0386575087904930,-3976.3423343929766816,3128.9550916664197757,-4358.4235068219377354,4.6486516840283887,-2.1494383450148566,-5.7842305832480134
414,656,0.0380788035690784,95.0002491474151611,0.0386575087904930,-3976.3423343929766816,3128.9550916664197757,-4358.4235068219377354,4.6486516840283887,-2.1494383450148566,-5.7842305832480134
415,656,0.5592028554528952,50.0001311302185059,0.5594922080636024,4588.6091609980594512,-2264.2693827030593638,-4291.3009590248029781,3.8816621884562057,-3.2226864389939145,5.8510137488520719
416,657,0.0381945446133614,60.0001573562622070,0.0385417677462101,-4022.4911846010622867,3150.2181548700050371,-4300.3725463386554111,4.5951952577613877,-2.1074869943659258,-5.8420929665871935
417,657,0.5588556323200464,95.0002491474151611,0.5593764670193195,4549.5370452624474638,-2231.9462764938907640,-4349.4416059304303417,3.9427213769047333,-3.2527401840852281,5.7932720079034370
418,658,0.5588556323200464,80.0002098083496094,0.5593185964971781,4529.7730137111757358,-2215.6726901473289217,-4378.2947325595005168,3.9730541095842296,-3.2676046044591733,5.7641107128380993
419,664,0.0380209330469370,50.0001311302185059,0.0383102856576443,-4113.1720219610979257,3191.4807610530706370,-4182.5566655281090789,4.4864503006123071,-2.0227454883309237,-5.9554710567842113
420,665,0.0376737099140882,95.0002491474151611,0.0382524151355028,-4135.5009671460456957,3201.5311647599010030,-4152.7513461046855809,4.4588876575607035,-2.0013894790312641,-5.9833211621220546
421,665,0.5595500785857439,55.0001442432403564,0.5598394311964512,4702.1314473258389626,-2359.4075941395794871,-4113.4741335706603422,3.6954085520365743,-3.1299624086790723,6.0195234090758980
422,666,0.0376737099140882,85.0002229213714600,0.0381945446133614,-4157.6919102147794547,3211.4747927953444560,-4122.8074689152936116,4.4311762850365692,-1.9799666377223344,-6.0109716321954041
423,666,0.5592607259750366,95.0002491474151611,0.5597815606743097,4683.5995703075786878,-2343.7450615276325152,-4143.4608653091563610,3.7267652267159095,-3.1456803776875675,5.9919351652862876
424,667,0.5592607259750366,80.0002098083496094,0.5597236901521683,4664.9114549057203476,-2328.0042920980131385,-4173.3093492612806585,3.7579975255723594,-3.1612934525031320,5.9641469988234475
425,674,0.0373843573033810,85.0002229213714600,0.0379051920026541,-4266.5508495758676872,3259.5798014874244473,-3971.0448444317134999,4.2904210177965050,-1.8718750347499959,-6.1461973986320615
426,674,0.5599551722407341,55.0001442432403564,0.5602445248514414,4827.4286214335143086,-2466.8111540265686017,-3899.7806894880145592,3.4725176857848146,-3.0170440977328590,6.2069668077788904
427,675,0.0372686162590981,90.0002360343933105,0.0377894509583712,-4309.1028625648468733,3278.0630297042021084,-3909.4052084544773606,4.2331105467702965,-1.8281957441265297,-6.1988584867378247
428,675,0.5596658196300268,95.0002491474151611,0.5601866543292999,4810.0074360365824759,-2451.7107543496003927,-3930.7068871957753800,3.5047154747370715,-3.0334814413604008,6.1808034190291474
429,676,0.0375579688698053,30.0000786781311035,0.0377315804362297,-4330.1635336898052628,3287.1408000822134454,-3878.3892175369569486,4.2042430389642993,-1.8062641506064012,-6.2248792282401917
430,676,0.5596658196300268,80.0002098083496094,0.5601287838071585,4792.4257935042314784,-2436.5285177568234758,-3961.5019357160567779,3.5367962951842995,-3.0498176360285614,6.1544338059614905
431,683,0.0370950046926737,70.0001835823059082,0.0375000983476639,-4412.9543143932169187,3322.3525588536881514,-3753.0416310674863780,4.0873803902439985,-1.7179418794648909,-6.3268766672704535
432,683,0.5603602658957243,55.0001442432403564,0.5606496185064316,4944.8359588871489905,-2570.1805717726274452,-3679.7123473103347351,3.2439487511593290,-2.8991970299771710,6.3842637946630347
433,684,0.0368635226041079,95.0002491474151611,0.0374422278255224,-4433.2855817833142282,3330.8791978399349318,-3721.3890565914261970,4.0578214482379451,-1.6957160196718806,-6.3518503913009550
434,684,0.5600709132850170,95.0002491474151611,0.5605917479842901,4928.5539512066234238,-2555.6669736796106918,-3711.5274565140803134,3.2769350311121470,-2.9163268670443037,6.3595680297522934
435,685,0.0369792636483908,65.0001704692840576,0.0373843573033810,-4453.4689144268177188,3339.2947414297723299,-3689.6123168786361930,4.0281271601735584,-1.6734335227897366,-6.3766121839811971
436,685,0.5600709132850170,80.0002098083496094,0.5605338774621487,4912.1075298858995666,-2541.0680724069761709,-3743.2187295162339069,3.3098119411372693,-2.9333594656271949,6.3346600759900564
437,693,0.0368635226041079,45.0001180171966553,0.0371528752148151,-4532.7095080289418547,3371.8403959522702280,-3561.2849718630377538,3.9080164317669599,-1.5837520560907510,-6.4735236241547458
438,693,0.5607074890285730,60.0001573562622070,0.5610547121614218,5054.1614786860145614,-2669.3469827191329387,-3453.6288486146931973,3.0100753180872624,-2.7766139243766599,6.5511245456807945
439,694,0.0365162994712591,90.0002360343933105,0.0370371341705322,-4571.4249297114065484,3387.4395195741403768,-3496.4040676113827431,3.8471749651494536,-1.5385909107411289,-6.5206866138109953
440,694,0.5604760069400072,95.0002491474151611,0.5609968416392803,5039.0452729620701575,-2655.4438952412938306,-3486.2808617541645617,3.0437961764540415,-2.7944082424408538,6.5279367743111809
441,695,0.0365162994712591,80.0002098083496094,0.0369792636483908,-4590.5541487458185657,3395.0697337481833529,-3463.7880854908889887,3.8165612476768502,-1.5159328664516420,-6.5439421533021553
442,695,0.5604760069400072,75.0001966953277588,0.5608811005949974,5008.3090673701381093,-2627.3722969489163006,-3551.2348401214512705,3.1109319941282201,-2.8297167802745951,6.4809085929338384
