regi,gpi,lat[deg],lon[deg]
1,0,50,-110
1,1,50,-106.044
1,2,50,-102.088
1,3,50,-98.1319
1,4,50,-94.1758
1,5,50,-90.2198
1,6,50,-86.2637
1,7,50,-82.3077
1,8,50,-78.3516
1,9,50,-74.3956
1,10,50,-70.4396
1,11,50,-66.4835
1,12,50,-62.5275
1,13,47.5,-110
1,14,47.5,-106.25
1,15,47.5,-102.5
1,16,47.5,-98.75
1,17,47.5,-95
1,18,47.5,-91.25
1,19,47.5,-87.5
1,20,47.5,-83.75
1,21,47.5,-80
1,22,47.5,-76.25
1,23,47.5,-72.5
1,24,47.5,-68.75
1,25,47.5,-65
1,26,47.5,-61.25
1,27,45,-110
1,28,45,-106.4
1,29,45,-102.8
1,30,45,-99.2
1,31,45,-95.6
1,32,45,-92
1,33,45,-88.4
1,34,45,-84.8
1,35,45,-81.2
1,36,45,-77.6
1,37,45,-74
1,38,45,-70.4
1,39,45,-66.8
1,40,45,-63.2
1,41,42.5,-110
1,42,42.5,-106.571
1,43,42.5,-103.143
1,44,42.5,-99.7143
1,45,42.5,-96.2857
1,46,42.5,-92.8571
1,47,42.5,-89.4286
1,48,42.5,-86
1,49,42.5,-82.5714
1,50,42.5,-79.1429
1,51,42.5,-75.7143
1,52,42.5,-72.2857
1,53,42.5,-68.8571
1,54,42.5,-65.4286
1,55,42.5,-62
1,56,40,-110
1,57,40,-106.697
1,58,40,-103.394
1,59,40,-100.092
1,60,40,-96.789
1,61,40,-93.4862
1,62,40,-90.1835
1,63,40,-86.8807
1,64,40,-83.578
1,65,40,-80.2752
1,66,40,-76.9725
1,67,40,-73.6697
1,68,40,-70.367
1,69,40,-67.0642
1,70,40,-63.7615
1,71,40,-60.4587
1,72,37.5,-110
1,73,37.5,-106.814
1,74,37.5,-103.628
1,75,37.5,-100.442
1,76,37.5,-97.2566
1,77,37.5,-94.0708
1,78,37.5,-90.885
1,79,37.5,-87.6991
1,80,37.5,-84.5133
1,81,37.5,-81.3274
1,82,37.5,-78.1416
1,83,37.5,-74.9558
1,84,37.5,-71.7699
1,85,37.5,-68.5841
1,86,37.5,-65.3982
1,87,37.5,-62.2124
1,88,35,-110
1,89,35,-106.897
1,90,35,-103.793
1,91,35,-100.69
1,92,35,-97.5862
1,93,35,-94.4828
1,94,35,-91.3793
1,95,35,-88.2759
1,96,35,-85.1724
1,97,35,-82.069
1,98,35,-78.9655
1,99,35,-75.8621
1,100,35,-72.7586
1,101,35,-69.6552
1,102,35,-66.5517
1,103,35,-63.4483
1,104,35,-60.3448
1,105,32.5,-110
1,106,32.5,-107
1,107,32.5,-104
1,108,32.5,-101
1,109,32.5,-98
1,110,32.5,-95
1,111,32.5,-92
1,112,32.5,-89
1,113,32.5,-86
1,114,32.5,-83
1,115,32.5,-80
1,116,32.5,-77
1,117,32.5,-74
1,118,32.5,-71
1,119,32.5,-68
1,120,32.5,-65
1,121,32.5,-62
1,122,30,-110
1,123,30,-107.073
1,124,30,-104.146
1,125,30,-101.22
1,126,30,-98.2927
1,127,30,-95.3659
1,128,30,-92.439
1,129,30,-89.5122
1,130,30,-86.5854
1,131,30,-83.6585
1,132,30,-80.7317
1,133,30,-77.8049
1,134,30,-74.878
1,135,30,-71.9512
1,136,30,-69.0244
1,137,30,-66.0976
1,138,30,-63.1707
1,139,30,-60.2439
